Analyzed	structure	=	2ocj_ST7																
Energy	Matrix	=	KK	new	potential	one	by	all											
Sequence	=																		
AAAWDWWWATAGRGDD	-28.787187	96	97	98	99	100	101	102	103	104	105	106	GLY	148	GLY	146	110		
AAWDWWWATAGRGDDGGR	-31.103687	97	98	99	100	101	102	103	104	105	106	GLY	148	GLY	146	110	GLY	GLY	228
AWDWWWATAGRGDDGGR	-29.7638925	98	99	100	101	102	103	104	105	106	GLY	148	GLY	146	110	GLY	GLY	228	
WDWWWATAGRGDDGGR	-28.1474465	99	100	101	102	103	104	105	106	GLY	148	GLY	146	110	GLY	GLY	228		
DWAAARRGRRRRGGRGR	-49.060087	100	99	98	97	96	211	212	GLY	207	208	209	210	GLY	GLY	206	GLY	204	
WWWATAGRGDDGGRRA	-33.6258265	101	102	103	104	105	106	GLY	148	GLY	146	110	GLY	GLY	228	227	226		
WWDWAAARRGRRRRGGR	-47.5051975	102	101	100	99	98	97	96	211	212	GLY	207	208	209	210	GLY	GLY	206	
WWWDWAAARRGRRRRGGR	-49.497992	103	102	101	100	99	98	97	96	211	212	GLY	207	208	209	210	GLY	GLY	206
ATAGRGDDGGRRARRR	-42.084601	104	105	106	GLY	148	GLY	146	110	GLY	GLY	228	227	226	225	224	223		
TAAWWWDWAAAGRRGR	-33.7284815	105	106	104	103	102	101	100	99	98	97	96	GLY	211	212	GLY	207		
ATAWWWDWAAARRGRR	-41.7078235	106	105	104	103	102	101	100	99	98	97	96	211	212	GLY	207	208		
DDGRAGRRRRARRGGR	-41.871521	110	146	GLY	148	150	GLY	222	223	224	225	226	227	228	GLY	GLY	221		
HHAAAAAGWGDAWGAW	-22.5685725	114	115	116	117	119	120	121	GLY	123	GLY	277	276	136	GLY	139	140		
HAAAAAGWGDAWGAWR	-27.356454	115	116	117	119	120	121	GLY	123	GLY	277	276	136	GLY	139	140	233		
AAAAAGWGDAWGAWRGR	-30.752974	116	117	119	120	121	GLY	123	GLY	277	276	136	GLY	139	140	233	GLY	198	
AAHHGGRRRDDEGRGR	-39.443452	117	116	115	114	GLY	GLY	233	198	199	200	201	202	GLY	204	GLY	206		
AAAWGDAGWAWGRRRD	-34.6157455	119	120	121	123	GLY	277	276	GLY	136	139	140	GLY	233	198	199	200		
AADGDRRRRRRGRAGA	-71.377653	120	119	280	GLY	283	284	285	286	287	288	289	GLY	129	128	GLY	130		
AAADGDRRRRRRGRAGA	-72.7817475	121	120	119	280	GLY	283	284	285	286	287	288	289	GLY	129	128	GLY	130	
WDAGWAWGRRRDDEGR	-43.604851	123	277	276	GLY	136	139	140	GLY	233	198	199	200	201	202	GLY	204		
ARAVGRRRRGRRDGDD	-73.182033	128	129	130	131	GLY	286	287	288	289	GLY	285	284	283	GLY	280	277		
RAAVGGRRRRGRRDDGD	-72.78703	129	128	130	131	GLY	GLY	286	287	288	289	GLY	285	284	283	280	GLY	277	
ARAVGGRRRRGRRDDGD	-73.2822615	130	129	128	131	GLY	GLY	286	287	288	289	GLY	285	284	283	280	GLY	277	
VARAGRRRRGRRDGDD	-74.197163	131	130	129	128	GLY	286	287	288	289	GLY	285	284	283	GLY	280	277		
WDAGGDDRRRRRRGGR	-73.3535685	136	277	276	GLY	GLY	280	283	284	285	286	287	288	289	GLY	GLY	129		
DAWRGRRDDERGRRRR	-62.80011	138	139	140	233	GLY	198	199	200	201	202	204	GLY	206	207	208	209		
AWRGRRDDERGRRRRR	-62.8949585	139	140	233	GLY	198	199	200	201	202	204	GLY	206	207	208	209	210		
WADWGDAGGDDRRRRR	-73.621123	140	139	138	136	GLY	277	276	GLY	GLY	280	283	284	285	286	287	288		
DRGAGRRRRARRGGDGA	-38.967471	146	148	GLY	150	GLY	222	223	224	225	226	227	228	GLY	GLY	110	GLY	104	
RDGDATAGGAGRRRRA	-30.1850995	148	146	GLY	110	104	105	106	GLY	GLY	150	GLY	222	223	224	225	226		
ARGDDGATAGGAAAGD	-28.758773	150	148	GLY	146	110	GLY	104	105	106	GLY	GLY	152	153	154	GLY	156		
AAADGAAAAVGGWWDW	-24.575947	152	153	154	156	GLY	260	261	262	263	264	GLY	GLY	102	101	100	99		
AADGAAAAVGGWWDWA	-23.846567	153	154	156	GLY	260	261	262	263	264	GLY	GLY	102	101	100	99	98		
AAAAGRGDDGATAGWW	-25.1663505	154	153	152	150	GLY	148	GLY	146	110	GLY	104	105	106	GLY	103	102		
DAAAGAGRGDDGATAGW	-25.1506205	156	154	153	152	GLY	150	GLY	148	GLY	146	110	GLY	104	105	106	GLY	103	
WDSSRRRAAWDWWWAT	-27.287788	164	165	166	167	168	171	170	97	98	99	100	101	102	103	104	105		
DWRSSGGRRGDDGRAGR	-36.7055455	165	164	168	167	166	GLY	GLY	170	171	GLY	174	192	GLY	191	190	GLY	185	
SDWRSGRRGGDDRAGR	-37.4702585	166	165	164	168	167	GLY	170	171	GLY	GLY	174	192	191	190	GLY	185		
SRRRAAWDWWWATAGGR	-29.4462345	167	168	171	170	97	98	99	100	101	102	103	104	105	106	GLY	GLY	148	
RSSDWWGDGQEEDGAA	-33.240521	168	167	166	165	164	250	GLY	273	GLY	239	241	248	247	GLY	244	243		
RRRSSDWWGDGQGEED	-37.232664	170	171	168	167	166	165	164	250	GLY	273	GLY	239	GLY	241	248	247		
RRRSSDWWGDGQGEED	-37.2132125	171	170	168	167	166	165	164	250	GLY	273	GLY	239	GLY	241	248	247		
DDRAGRRREDDRAGGA	-43.5156175	174	192	191	190	GLY	185	184	183	182	181	180	177	178	GLY	GLY	244		
RAEDDDRAGRRRGGRR	-43.1141605	177	178	182	181	180	192	191	190	GLY	185	184	183	GLY	GLY	186	187		
ARDERRRRRRGARDDGGR	-61.273945	178	177	181	182	183	184	185	186	187	188	GLY	190	191	192	174	GLY	GLY	207
DDERRRRRRARDGDGGR	-57.2401905	180	181	182	183	184	185	186	187	188	190	191	192	GLY	174	GLY	GLY	207	
DERRRRRRARDGDGGR	-52.044976	181	182	183	184	185	186	187	188	190	191	192	GLY	174	GLY	GLY	207		
EDDDRAGRRRGGRAGGD	-42.2428485	182	181	180	192	191	190	GLY	185	184	183	GLY	GLY	177	178	GLY	GLY	174	
REDDDRAGRRGRRRGGR	-47.377089	183	182	181	180	192	191	190	GLY	185	184	GLY	186	187	188	GLY	GLY	206	
RRRRRARDGDGGRRRR	-54.4409375	184	185	186	187	188	190	191	192	GLY	174	GLY	GLY	207	208	209	210		
RRREDDDRAGRRRGRR	-44.6440735	185	184	183	182	181	180	192	191	190	GLY	188	187	186	GLY	198	199		
RRRREDDDRAGRRGGR	-48.408689	186	185	184	183	182	181	180	192	191	190	GLY	188	187	GLY	GLY	198		
RRRRREDDGDRAGRRR	-63.3990665	187	188	185	184	183	182	181	180	GLY	192	191	190	GLY	207	208	209		
RRRRRREDDDRAGRRR	-64.977834	188	187	186	185	184	183	182	181	180	192	191	190	GLY	207	208	209		
ARDDGGRRRRRRGRGR	-56.1633755	190	191	192	174	GLY	GLY	207	208	209	210	211	212	GLY	206	GLY	204		
RDDGGRRRRRRGRGRGE	-58.494794	191	192	174	GLY	GLY	207	208	209	210	211	212	GLY	206	GLY	204	GLY	202	
DRAGRRREDDRAGGDGGR	-53.557483	192	191	190	GLY	185	184	183	182	181	180	177	178	GLY	GLY	174	GLY	GLY	207
RRDDERGRRRRRRRGGD	-65.0715785	198	199	200	201	202	204	GLY	206	207	208	209	210	211	212	GLY	GLY	174	
RRRGWADWGDAGGDDR	-50.749881	199	198	233	GLY	140	139	138	136	GLY	277	276	GLY	GLY	280	283	284		
DDERGRRRRRRRGGDD	-62.947957	200	201	202	204	GLY	206	207	208	209	210	211	212	GLY	GLY	174	192		
DDRRRGWADWGDAGGD	-41.6986895	201	200	199	198	233	GLY	140	139	138	136	GLY	277	276	GLY	GLY	280		
EDDRRRGWADWGDAGGD	-46.1518525	202	201	200	199	198	233	GLY	140	139	138	136	GLY	277	276	GLY	GLY	280	
RRRRRRRRGGDGDRAGR	-60.4330345	204	206	207	208	209	210	211	212	GLY	GLY	174	GLY	192	191	190	GLY	185	
RRRRRRRGDGDRAGRR	-57.9927675	206	207	208	209	210	211	212	GLY	174	GLY	192	191	190	GLY	185	184		
RRRRRRGDGDRAGRRR	-51.0396075	207	208	209	210	211	212	GLY	174	GLY	192	191	190	GLY	185	184	183		
RRRRGEDDRRGRWADGW	-54.446634	208	207	206	204	GLY	202	201	200	199	198	GLY	233	140	139	138	GLY	136	
RRRRRGEDDRRGRWAD	-61.0533685	209	208	207	206	204	GLY	202	201	200	199	198	GLY	233	140	139	138		
RRRRRRGRGRGEDDRR	-62.519854	210	211	212	207	208	209	GLY	206	GLY	204	GLY	202	201	200	199	198		
RRRRRRGGRGREDDRR	-60.606864	211	212	207	208	209	210	GLY	GLY	206	GLY	204	202	201	200	199	198		
RRRRRRRRGEDDRRGR	-64.9318	212	211	210	209	208	207	206	204	GLY	202	201	200	199	198	GLY	233		
RRRRRARRDGRGAGAA	-40.8702155	221	222	223	224	225	226	227	228	146	GLY	148	GLY	150	GLY	152	153		
RRRRARRDGRGAGAAA	-40.952814	222	223	224	225	226	227	228	146	GLY	148	GLY	150	GLY	152	153	154		
RRRARRDGRGAGRRGD	-39.625905	223	224	225	226	227	228	146	GLY	148	GLY	150	GLY	222	221	GLY	156		
RRRRGGRRGDRGAGAA	-38.1614435	224	223	222	221	GLY	GLY	227	228	GLY	146	148	GLY	150	GLY	152	153		
RRRRRGGRRGDRGAGA	-38.435865	225	224	223	222	221	GLY	GLY	227	228	GLY	146	148	GLY	150	GLY	152		
ARRRRRGGRRGAGRGD	-39.8782865	226	227	228	223	224	225	GLY	GLY	221	222	GLY	150	GLY	148	GLY	146		
RRRRRAGGRRGDGAAA	-34.3737795	227	228	223	224	225	226	GLY	GLY	222	221	GLY	156	GLY	154	153	152		
RRARRRRRGDAAAGAGR	-43.921837	228	227	226	225	224	223	222	221	GLY	156	154	153	152	GLY	150	GLY	148	
ARGRRDDERGRRRRRR	-64.9318	231	233	GLY	198	199	200	201	202	204	GLY	206	207	208	209	210	211		
RRRDDEGRGRRRRRRR	-64.6365	233	198	199	200	201	202	GLY	204	GLY	206	207	208	209	210	211	212		
QDGWGEDEGAAGRAED	-40.4206065	239	273	GLY	250	GLY	248	247	241	GLY	243	244	GLY	177	178	182	181		
EEDAAGGRAEDDDRAGGR	-48.249949	241	248	247	244	243	GLY	GLY	177	178	182	181	180	192	191	190	GLY	GLY	185
AADEEGQGDWGWDSSR	-34.954964	243	244	247	248	241	GLY	239	GLY	273	250	GLY	164	165	166	167	168		
AAEEDGGDGDRAGRRR	-43.802644	244	243	241	248	247	GLY	GLY	174	GLY	192	191	190	GLY	185	184	183		
DEEAAGRAGEDDDRAGR	-48.515799	247	248	241	243	244	GLY	177	178	GLY	182	181	180	192	191	190	GLY	185	
EDEAAGRAGEDDDRAGR	-48.249949	248	247	241	243	244	GLY	177	178	GLY	182	181	180	192	191	190	GLY	185	
WDGQGEEDAAGGRAED	-39.0180865	250	273	GLY	239	GLY	241	248	247	244	243	GLY	GLY	177	178	182	181		
AAAAVGDGAAAGARGD	-27.8211905	260	261	262	263	264	GLY	156	GLY	154	153	152	GLY	150	148	GLY	146		
AADGAAAGARGDGDAT	-30.1167875	261	260	156	GLY	154	153	152	GLY	150	148	GLY	146	GLY	110	104	105		
AAADGAAAGARGDGDA	-31.3379875	262	261	260	156	GLY	154	153	152	GLY	150	148	GLY	146	GLY	110	104		
AAAADGAAAGARGDGD	-31.955609	263	262	261	260	156	GLY	154	153	152	GLY	150	148	GLY	146	GLY	110		
VAAAADGAAAGARGDGD	-33.832445	264	263	262	261	260	156	GLY	154	153	152	GLY	150	148	GLY	146	GLY	110	
DWGEDEGAAGRAEDDGD	-44.29242	273	250	GLY	248	247	241	GLY	243	244	GLY	177	178	182	181	180	GLY	192	
ADDDRRRRRRGGRAAV	-74.779296	276	277	280	283	284	285	286	287	288	289	GLY	GLY	129	128	130	131		
DAWAWGRRRDDEGRGR	-44.5102295	277	276	136	139	140	GLY	233	198	199	200	201	202	GLY	204	GLY	206		
DDRRRRRRGRAGAVGGD	-65.7313985	280	283	284	285	286	287	288	289	GLY	129	128	GLY	130	131	GLY	GLY	273	
DRRRRRRGRAAVGGDGW	-57.584407	283	284	285	286	287	288	289	GLY	129	128	130	131	GLY	GLY	273	GLY	250	
RDRRRRGRGDGDAWGA	-69.9327885	284	283	286	287	288	289	GLY	285	GLY	280	GLY	277	276	136	GLY	139		
RRRRRGDRGDDAGWAW	-70.077113	285	286	287	288	289	GLY	283	284	GLY	280	277	276	GLY	136	139	140		
RRRRGRRDDDAGWAWGR	-70.289946	286	287	288	289	GLY	285	284	283	280	277	276	GLY	136	139	140	GLY	233	
RRRRDDDAGWAWGRRR	-70.953836	287	286	285	284	283	280	277	276	GLY	136	139	140	GLY	233	198	199		
RRRRRDDDAGWAWGRR	-76.2875375	288	287	286	285	284	283	280	277	276	GLY	136	139	140	GLY	233	198		
RRRRRRDDDAGWAWGR	-79.494209	289	288	287	286	285	284	283	280	277	276	GLY	136	139	140	GLY	233		
