Analyzed structure = 2ocj_ST7
Energy Matrix = KK new potential one by all
Sequence =
(1, 'S', '-', 0.8580645161290322, 360.0, -149.7, 0, 0.0, 0, 0.0, 0, 0.0, 0, 0.0)
(2, 'V', '-', 0.28735632183908044, -143.6, 125.6, 65, -0.0, 73, -0.1, 0, 0.0, 3, -0.1)
(3, 'P', '-', 0.22641509433962265, -62.2, 140.1, 0, 0.0, 2, -0.1, 0, 0.0, 62, -0.0)
(4, 'S', '-', 0.41935483870967744, -66.3, 143.8, 1, -0.1, 155, -0.0, 2, -0.0, 0, 0.0)
(5, 'Q', '-', 0.3111111111111111, -124.8, 21.1, -3, -0.1, 2, -0.4, -2, -0.1, -1, -0.1)
(6, 'K', '-', 0.6779661016949152, -76.9, 128.7, 1, -0.1, 2, -0.1, 167, -0.1, -2, -0.0)
(7, 'T', '-', 0.4883720930232558, -61.9, 133.7, -2, -0.4, 2, -0.3, 164, -0.1, 166, -0.2)
(8, 'Y', 'B', 0.41064638783269963, -151.8, 96.9, 164, -3.1, 164, -2.5, 6, -0.1, 6, -0.1)
(9, 'Q', '-', 0.36444444444444446, -65.9, -29.2, -2, -0.3, 5, -2.7, 162, -0.2, 3, -0.5)
(10, 'G', 'G', 0.23076923076923078, 66.7, -173.9, 1, -0.2, 3, -1.4, 3, -0.2, 161, -0.1)
(11, 'S', 'G', 0.4129032258064516, -72.1, -6.9, 1, -0.3, -1, -0.2, 159, -0.2, 560, -0.1)
(12, 'Y', 'G', 0.06844106463878327, -103.1, 0.7, -3, -0.5, 41, -2.9, 158, -0.4, 42, -1.7)
(13, 'G', 'T', 0.04807692307692308, 64.3, 48.0, -3, -1.4, 2, -0.4, -4, -0.3, -3, -0.2)
(14, 'F', '-', 0.004166666666666667, -72.1, 122.5, -5, -2.7, 2, -0.3, 156, -0.2, 38, -0.2)
(15, 'R', 'E', 0.4051094890510949, -140.8, 159.5, 36, -3.2, 36, -3.4, -2, -0.4, 2, -0.3)
(16, 'L', 'E', 0.1691542288557214, -107.9, 146.1, -2, -0.3, 2, -0.3, 34, -0.2, 34, -0.2)
(17, 'G', 'E', 0.11538461538461539, -135.0, 160.0, 32, -2.0, 32, -2.8, -2, -0.3, 2, -0.3)
(18, 'F', '-', 0.06666666666666667, -141.8, 156.0, -2, -0.3, 30, -0.1, 30, -0.2, 2, -0.0)
(19, 'L', '-', 0.43283582089552236, -66.5, 148.4, 28, -0.4, 2, -1.3, -2, -0.3, 12, -0.6)
(20, 'H', '-', 0.8348214285714286, -96.0, 78.6, 1, -0.2, -1, -0.1, 10, -0.1, 10, -0.1)
(21, 'S', '-', 0.3225806451612903, -83.2, -17.0, -2, -1.3, 3, -0.4, 1, -0.2, -1, -0.2)
(22, 'G', '-', 0.3269230769230769, 77.7, -175.9, 9, -0.2, -1, -0.2, 1, -0.2, 166, -0.0)
(23, 'T', '-', 0.1511627906976744, -119.6, 24.0, 164, -0.1, -1, -0.2, 162, -0.0, 165, -0.1)
(24, 'A', '-', 0.3953488372093023, -64.4, 149.6, -3, -0.4, 3, -2.3, 1, -0.1, 160, -0.3)
(25, 'K', 'T', 0.8432203389830508, -44.1, -34.5, 1, -0.3, 159, -0.2, 159, -0.1, -1, -0.1)
(26, 'S', 'T', 0.6645161290322581, -74.1, -19.3, 157, -0.1, -1, -0.3, 156, -0.1, -2, -0.0)
(27, 'V', '-', 0.10919540229885058, -60.7, 131.8, -3, -2.3, 157, -0.6, 1, -0.2, 3, -0.1)
(28, 'T', 'S', 0.3488372093023256, -96.8, -19.8, 1, -0.3, 13, -2.0, 155, -0.1, 2, -0.3)
(29, 'C', 'E', 0.09580838323353294, -150.9, 125.1, 11, -0.2, 2, -0.3, -8, -0.1, -1, -0.3)
(30, 'T', 'E', 0.011627906976744186, -146.3, 137.0, 9, -2.7, 9, -2.5, -2, -0.3, 2, -0.4)
(31, 'Y', 'E', 0.1596958174904943, -102.7, 140.8, -12, -0.6, -9, -0.2, -2, -0.3, 7, -0.2)
(32, 'S', 'E', 0.0, -106.3, 107.0, 5, -2.8, 5, -1.6, -2, -0.4, 4, -1.5)
(33, 'P', 'T', 0.5345911949685535, -60.0, -40.3, 0, 0.0, 3, -0.2, 0, 0.0, -1, -0.2)
(34, 'A', 'T', 0.5658914728682171, -59.7, -38.6, 1, -0.2, -2, -0.0, 2, -0.1, 0, 0.0)
(35, 'L', 'T', 0.26865671641791045, -102.2, -2.6, -3, -0.2, 141, -0.2, 2, -0.2, -1, -0.2)
(36, 'N', 'T', 0.3333333333333333, 47.5, 51.0, -4, -1.5, 140, -2.6, 1, -0.2, 2, -0.4)
(37, 'K', 'E', 0.07203389830508475, -135.9, 132.6, -5, -1.6, -5, -2.8, 138, -0.2, 2, -0.4)
(38, 'M', 'E', 0.004464285714285714, -99.0, 134.6, 138, -3.2, 140, -2.4, -2, -0.4, 2, -0.5)
(39, 'F', 'E', 0.0, -117.5, 122.8, -9, -2.5, -9, -2.7, -2, -0.4, 2, -0.3)
(40, 'V', 'E', 0.0, -146.6, 161.1, 138, -2.2, 140, -2.6, -2, -0.5, 2, -0.2)
(41, 'Q', '-', 0.22666666666666666, -89.8, 150.1, -13, -2.0, 3, -1.7, -2, -0.3, 100, -0.4)
(42, 'L', 'T', 0.1791044776119403, -54.6, 135.0, 1, -0.3, 100, -0.2, -2, -0.2, -1, -0.1)
(43, 'A', 'T', 0.3178294573643411, 61.5, -2.1, 98, -2.7, -1, -0.3, 1, -0.2, 99, -0.1)
(44, 'K', 'S', 0.3940677966101695, -80.5, 158.2, -3, -1.7, 97, -0.4, 97, -0.3, 2, -0.2)
(45, 'T', '-', 0.31976744186046513, -64.6, 126.7, 95, -0.1, 95, -0.2, -2, -0.1, -4, -0.2)
(46, 'V', 'E', 0.0, -121.5, 96.5, 93, -2.5, 93, -2.2, -2, -0.2, 2, -0.3)
(47, 'P', 'E', 0.13836477987421383, -68.4, 125.7, 0, 0.0, 2, -0.4, 0, 0.0, -28, -0.4)
(48, 'V', 'E', 0.0, -127.4, 123.4, 89, -2.3, 89, -2.6, -2, -0.3, 2, -0.4)
(49, 'Q', 'E', 0.12, -97.0, 139.9, -32, -2.8, -32, -2.0, -2, -0.4, 2, -0.6)
(50, 'L', 'E', 0.004975124378109453, -106.9, 116.3, 85, -3.3, 85, -2.1, -2, -0.4, 2, -0.4)
(51, 'Y', 'E', 0.39923954372623577, -111.0, 134.0, -36, -3.4, -36, -3.2, -2, -0.6, 2, -0.3)
(52, 'V', '-', 0.13793103448275862, -138.0, 154.9, 81, -0.4, -39, -0.2, -2, -0.4, -38, -0.2)
(53, 'D', 'S', 0.26424870466321243, -90.3, -27.5, -41, -2.9, 2, -0.4, -2, -0.3, -40, -0.2)
(54, 'S', 'S', 0.05806451612903226, -133.6, 141.1, -42, -1.7, -1, -0.3, 518, -0.0, 518, -0.1)
(55, 'T', '-', 0.48255813953488375, -71.3, 123.9, -2, -0.4, -2, -0.0, 516, -0.2, 0, 0.0)
(56, 'P', '-', 0.050314465408805034, -66.8, 151.7, 0, 0.0, 4, -0.1, 0, 0.0, 3, -0.1)
(57, 'P', '-', 0.29559748427672955, -55.4, 158.8, 0, 0.0, 3, -1.4, 0, 0.0, 2, -0.0)
(58, 'P', 'T', 0.7987421383647799, -66.0, 145.2, 0, 0.0, 107, -0.3, 0, 0.0, 3, -0.1)
(59, 'G', 'T', 0.4326923076923077, 94.9, -6.2, 1, -0.3, 104, -0.0, 66, -0.3, 2, -0.0)
(60, 'T', '-', 0.01744186046511628, -63.4, 145.8, -3, -1.4, 65, -3.3, 65, -0.1, -1, -0.3)
(61, 'R', 'E', 0.20802919708029197, -130.3, 157.9, 102, -3.2, 102, -2.8, 63, -0.3, 2, -0.5)
(62, 'V', 'E', 0.005747126436781609, -118.6, 124.2, 61, -2.9, 61, -2.0, -2, -0.3, 2, -0.4)
(63, 'R', 'E', 0.10583941605839416, -116.6, 145.5, 98, -2.9, 98, -2.7, -2, -0.5, 2, -0.4)
(64, 'A', 'E', 0.0, -127.2, 138.8, 57, -2.2, 57, -2.1, -2, -0.4, 2, -0.3)
(65, 'M', 'E', 0.14285714285714285, -149.3, 145.2, 94, -1.5, 94, -3.3, -2, -0.4, 2, -0.3)
(66, 'A', 'E', 0.08527131782945736, -107.7, 149.0, 53, -0.5, 12, -0.5, -2, -0.3, 2, -0.3)
(67, 'I', 'E', 0.0, -146.7, 152.5, 90, -2.0, 90, -2.9, -2, -0.3, 2, -0.2)
(68, 'Y', 'E', 0.0076045627376425855, -72.4, 139.3, 8, -0.5, 88, -0.3, 5, -0.4, 5, -0.1)
(69, 'K', 'S', 0.4194915254237288, -71.7, -39.3, 86, -2.3, 2, -0.3, -2, -0.2, 87, -0.1)
(70, 'Q', 'S', 0.3022222222222222, -70.4, 128.5, 85, -0.6, 3, -2.2, 1, -0.1, 4, -0.9)
(71, 'S', 'T', 0.6129032258064516, -57.0, -22.3, -2, -0.3, 4, -0.3, 1, -0.3, -1, -0.1)
(72, 'Q', 'T', 0.5288888888888889, -88.3, 6.0, 1, -0.2, -1, -0.3, 2, -0.1, -2, -0.1)
(73, 'H', 'T', 0.22767857142857142, -134.6, -3.7, -3, -2.2, 3, -1.8, -5, -0.1, -5, -0.4)
(74, 'M', 'T', 0.13839285714285715, -53.4, -34.8, -4, -0.9, -6, -0.3, 1, -0.3, -2, -0.1)
(75, 'T', 'T', 0.627906976744186, -79.0, -12.8, -4, -0.3, 2, -0.5, -73, -0.1, -1, -0.3)
(76, 'E', 'S', 0.3991031390134529, -83.4, 127.3, -3, -1.8, -8, -0.5, 1, -0.1, 2, -0.1)
(77, 'V', '-', 0.13218390804597702, -65.4, 132.2, -2, -0.5, 2, -0.5, -10, -0.1, -10, -0.1)
(78, 'V', '-', 0.040229885057471264, -82.3, 124.4, -12, -0.5, 41, -0.3, -2, -0.1, 21, -0.3)
(79, 'R', '-', 0.3029197080291971, -147.8, 165.5, -2, -0.5, 19, -0.2, 19, -0.1, 72, -0.1)
(80, 'R', '-', 0.010948905109489052, -68.8, 154.2, 17, -2.5, 63, -0.1, -2, -0.3, 19, -0.1)
(81, 'C', '-', 0.017964071856287425, -74.0, 166.8, 1, -0.1, 4, -2.7, 4, -0.0, 5, -0.3)
(82, 'P', 'H', 0.559748427672956, -53.3, -46.0, 0, 0.0, 4, -2.4, 0, 0.0, 5, -0.2)
(83, 'H', 'H', 0.5446428571428571, -56.1, -55.6, 65, -0.3, 4, -1.5, 1, -0.2, 66, -0.1)
(84, 'H', 'H', 0.09821428571428571, -71.5, -30.8, 2, -0.2, 5, -0.3, 1, -0.2, -1, -0.2)
(85, 'E', 'H', 0.3094170403587444, -62.3, -40.9, -4, -2.7, -1, -0.2, 1, -0.2, -2, -0.2)
(86, 'R', 'H', 0.7737226277372263, -86.7, -17.9, -4, -2.4, -2, -0.2, -5, -0.3, -1, -0.2)
(87, 'S', 'S', 0.32903225806451614, -61.1, 145.0, -4, -1.5, 2, -1.6, -5, -0.2, 3, -0.2)
(88, 'S', 'S', 0.8064516129032258, -87.5, 76.7, 1, -0.2, -1, -0.1, 2, -0.0, -2, -0.1)
(89, 'D', '-', 0.22279792746113988, -124.7, 12.4, -2, -1.6, -1, -0.2, -5, -0.3, -2, -0.1)
(90, 'S', '-', 0.5419354838709678, -55.3, 137.4, -3, -0.2, -2, -0.0, 1, -0.1, 0, 0.0)
(91, 'D', '-', 0.37305699481865284, -104.4, 11.5, 3, -0.2, -1, -0.1, 12, -0.0, 0, 0.0)
(92, 'G', 'S', 0.6346153846153846, 81.0, -12.0, 2, -0.2, -2, -0.1, 1, -0.1, 0, 0.0)
(93, 'L', 'S', 0.48258706467661694, -109.8, -50.1, 2, -0.1, 17, -0.2, 16, -0.0, -1, -0.1)
(94, 'A', 'S', 0.046511627906976744, -73.5, 140.7, 1, -0.1, -2, -0.2, 8, -0.1, -3, -0.2)
(95, 'P', '-', 0.22641509433962265, -69.0, 148.4, 0, 0.0, 3, -1.0, 0, 0.0, -1, -0.1)
(96, 'P', 'T', 0.4716981132075472, -62.7, -23.4, 0, 0.0, -9, -0.1, 0, 0.0, -16, -0.1)
(97, 'Q', 'T', 0.26666666666666666, -81.6, -20.2, -18, -0.1, -17, -2.5, -11, -0.1, 2, -0.2)
(98, 'H', '-', 0.008928571428571428, -69.8, 130.8, -3, -1.0, 44, -0.1, -19, -0.2, -19, -0.1)
(99, 'L', 'S', 0.029850746268656716, -74.5, -46.1, -21, -0.3, 43, -2.8, -2, -0.2, 2, -0.5)
(100, 'I', 'E', 0.05583756345177665, -97.6, 127.2, 41, -0.2, 2, -0.3, 42, -0.1, 41, -0.2)
(101, 'R', 'E', 0.0364963503649635, -124.9, 164.2, 39, -2.3, 39, -2.1, -2, -0.5, 2, -0.4)
(102, 'V', 'E', 0.034482758620689655, -120.5, 133.0, -2, -0.3, 3, -0.3, 37, -0.2, 2, -0.3)
(103, 'E', '-', 0.28699551569506726, -106.4, 157.0, 35, -2.4, 35, -0.5, -2, -0.4, 3, -0.0)
(104, 'G', 'S', 0.7884615384615384, 67.3, 31.9, -2, -0.3, 2, -0.3, 1, -0.1, -1, -0.2)
(105, 'N', '-', 0.2564102564102564, -148.3, 101.6, -3, -0.3, 3, -1.5, 1, -0.1, -3, -0.1)
(106, 'L', 'T', 0.8109452736318408, -70.2, -4.5, -2, -0.3, -1, -0.1, 1, -0.3, -2, -0.0)
(107, 'R', 'T', 0.5547445255474452, -103.9, 14.4, 17, -0.1, -1, -0.3, 2, -0.1, 15, -0.0)
(108, 'A', '-', 0.14728682170542637, -65.0, 145.1, -3, -1.5, 2, -0.4, 15, -0.1, 15, -0.2)
(109, 'E', 'E', 0.36771300448430494, -132.6, 135.5, 13, -2.5, 13, -3.0, -2, -0.0, 2, -0.4)
(110, 'Y', 'E', 0.1444866920152091, -113.5, 144.6, -2, -0.4, 2, -0.4, 11, -0.2, 11, -0.2)
(111, 'L', 'E', 0.31343283582089554, -134.3, 136.0, 9, -2.6, 9, -1.6, -2, -0.4, 2, -0.6)
(112, 'D', 'E', 0.43005181347150256, -110.6, 106.2, -2, -0.4, 7, -0.2, 7, -0.2, 6, -0.1)
(113, 'D', '-', 0.26424870466321243, -57.6, 128.2, 5, -2.7, 4, -1.2, -2, -0.6, -2, -0.0)
(114, 'P', 'T', 1.0, -66.0, -23.5, 0, 0.0, -1, -0.2, 0, 0.0, -3, -0.0)
(115, 'N', 'T', 0.6102564102564103, -103.2, -50.8, 3, -0.1, -2, -0.1, 0, 0.0, -3, -0.0)
(116, 'T', 'T', 0.3081395348837209, -86.9, -18.8, 2, -0.1, 3, -0.1, 1, -0.0, -39, -0.1)
(117, 'F', '-', 0.5458333333333333, 69.1, 9.6, -4, -1.2, 2, -0.1, 1, -0.2, -1, -0.0)
(118, 'R', '-', 0.01824817518248175, -73.3, 145.9, -6, -0.1, -5, -2.7, -41, -0.1, 2, -0.3)
(119, 'H', 'E', 0.08035714285714286, -96.7, 149.2, -41, -0.3, -53, -0.5, -7, -0.2, 2, -0.3)
(120, 'S', 'E', 0.03225806451612903, -158.1, 157.7, -9, -1.6, -9, -2.6, -2, -0.3, 2, -0.4)
(121, 'V', 'E', 0.005747126436781609, -129.6, 134.7, -57, -2.1, -57, -2.2, -2, -0.3, 2, -0.3)
(122, 'V', 'E', 0.0, -132.6, 145.4, -13, -3.0, -13, -2.5, -2, -0.4, -59, -0.2)
(123, 'V', 'E', 0.017241379310344827, -135.0, 157.4, -61, -2.0, -61, -2.9, -2, -0.3, -15, -0.1)
(124, 'P', 'E', 0.16352201257861634, -64.4, 146.3, 0, 0.0, 2, -0.4, 0, 0.0, -63, -0.3)
(125, 'Y', '-', 0.049429657794676805, -80.7, 133.6, -65, -3.3, -66, -0.3, 38, -0.1, -65, -0.1)
(126, 'E', '-', 0.42152466367713004, -120.7, 133.2, -2, -0.4, 3, -0.1, -68, -0.1, -65, -0.0)
(127, 'P', '-', 0.42138364779874216, -60.2, 157.4, 0, 0.0, 7, -0.1, 0, 0.0, -72, -0.0)
(128, 'P', '-', 0.22641509433962265, -66.0, 153.4, 0, 0.0, 7, -0.1, 0, 0.0, 3, -0.1)
(129, 'E', '-', 0.7130044843049327, -68.3, 171.7, 5, -0.4, 3, -1.8, 1, -0.2, 2, -0.3)
(130, 'V', 'T', 0.8333333333333334, -68.7, 126.5, 1, -0.3, -1, -0.2, 3, -0.0, 3, -0.1)
(131, 'G', 'T', 0.8173076923076923, 85.7, -7.9, 1, -0.4, -1, -0.3, -2, -0.3, 2, -0.3)
(132, 'S', '-', 0.33548387096774196, -96.7, 151.7, -3, -1.8, -1, -0.4, 1, -0.1, 3, -0.1)
(133, 'D', '-', 0.5958549222797928, -111.9, -8.9, -2, -0.3, -81, -0.4, 1, -0.1, 2, -0.3)
(134, 'Y', 'S', 0.057034220532319393, -148.8, 161.9, -83, -0.1, 2, -0.4, -7, -0.1, -5, -0.4)
(135, 'T', 'E', 0.11046511627906977, -102.0, 134.9, -85, -2.1, -85, -3.3, -2, -0.3, 2, -0.5)
(136, 'T', 'E', 0.37790697674418605, -109.8, 131.6, -2, -0.4, 2, -0.4, -87, -0.2, -87, -0.2)
(137, 'I', 'E', 0.06598984771573604, -116.2, 134.1, -89, -2.6, -89, -2.3, -2, -0.5, 2, -0.8)
(138, 'Y', 'E', 0.2965779467680608, -101.0, 108.7, -35, -0.5, -35, -2.4, -2, -0.4, 2, -0.2)
(139, 'F', 'E', 0.004166666666666667, -97.5, 157.7, -93, -2.2, -93, -2.5, -2, -0.8, 2, -0.4)
(140, 'K', 'E', 0.07627118644067797, -135.4, 132.6, -39, -2.1, -39, -2.3, -2, -0.2, 2, -0.6)
(141, 'F', 'E', 0.0, -104.9, 116.5, -97, -0.4, -98, -2.7, -100, -0.4, -97, -0.3)
(142, 'M', '-', 0.03571428571428571, -89.5, 23.0, -43, -2.8, 2, -0.3, -2, -0.6, -42, -0.1)
(143, 'C', 'S', 0.005988023952095809, -154.9, 145.6, -44, -0.2, 2, -0.2, -63, -0.1, -100, -0.1)
(144, 'N', '-', 0.21025641025641026, -87.3, 153.5, -2, -0.3, 3, -0.9, 1, -0.1, 7, -0.4)
(145, 'S', 'T', 0.03870967741935484, -64.0, -26.4, 34, -2.3, 8, -4.1, 1, -0.2, 9, -0.3)
(146, 'S', 'T', 0.3741935483870968, -86.1, -13.5, 33, -0.5, -1, -0.2, 6, -0.2, 3, -0.1)
(147, 'C', '-', 0.08982035928143713, -42.8, 119.4, -3, -0.9, 3, -1.7, 1, -0.1, 5, -1.3)
(148, 'M', 'T', 0.75, -66.4, 128.0, 1, -0.3, -65, -0.3, 4, -0.1, -1, -0.1)
(149, 'G', 'T', 0.5384615384615384, 91.3, -11.7, -2, -0.2, -1, -0.3, 1, -0.2, -2, -0.1)
(150, 'G', 'T', 0.04807692307692308, -105.5, -125.1, -3, -1.7, -1, -0.2, -69, -0.1, -70, -0.1)
(151, 'M', 'T', 0.008928571428571428, -59.1, -26.7, -7, -0.4, 3, -2.1, -3, -0.1, -6, -0.1)
(152, 'N', 'T', 0.4512820512820513, 49.7, 51.8, -5, -1.3, -6, -0.2, -8, -0.3, -4, -0.1)
(153, 'R', 'T', 0.6423357664233577, 75.2, -6.1, -8, -4.1, -1, -0.3, 1, -0.3, -7, -0.2)
(154, 'R', '-', 0.13138686131386862, -75.9, 130.3, -3, -2.1, -1, -0.3, -9, -0.3, 2, -0.0)
(155, 'P', '-', 0.24528301886792453, -67.2, 147.9, 0, 0.0, -86, -2.3, 0, 0.0, -85, -0.6)
(156, 'I', 'E', 0.0, -129.2, 159.8, 21, -1.0, 21, -2.4, -88, -0.3, 2, -0.4)
(157, 'L', 'E', 0.07462686567164178, -120.0, 147.7, -90, -2.9, -90, -2.0, -2, -0.3, 2, -0.5)
(158, 'V', 'E', 0.0, -111.0, 126.9, 17, -2.8, 17, -1.7, -2, -0.4, 2, -0.5)
(159, 'I', 'E', 0.03553299492385787, -108.1, 123.3, -94, -3.3, -94, -1.5, -2, -0.5, 2, -0.5)
(160, 'I', 'E', 0.0, -106.3, 123.5, 13, -2.7, 13, -2.1, -2, -0.5, 2, -0.4)
(161, 'T', 'E', 0.12209302325581395, -121.0, 142.7, -98, -2.7, -98, -2.9, -2, -0.5, 2, -0.5)
(162, 'L', 'E', 0.0, -103.8, 124.7, 9, -2.7, 8, -3.1, -2, -0.4, 9, -1.6)
(163, 'E', 'E', 0.08520179372197309, -133.3, 155.7, -102, -2.8, -102, -3.2, -2, -0.5, 6, -0.2)
(164, 'D', '-', 0.08808290155440414, -80.4, 175.9, 4, -2.1, 3, -2.5, -2, -0.3, -104, -0.1)
(165, 'S', 'T', 0.432258064516129, -57.3, -15.7, -107, -0.3, -1, -0.1, 1, -0.3, -105, -0.1)
(166, 'S', 'T', 0.4838709677419355, -99.4, 0.1, 2, -0.1, -1, -0.3, 0, 0.0, -106, -0.1)
(167, 'G', '-', 0.36538461538461536, 93.4, -5.6, -3, -2.5, -2, -0.1, 1, -0.3, 2, -0.1)
(168, 'N', '-', 0.4256410256410256, -64.8, 138.4, 1, -0.1, -4, -2.1, -5, -0.1, -1, -0.3)
(169, 'L', 'E', 0.36318407960199006, -66.2, 134.1, -6, -0.2, -6, -0.2, 1, -0.1, -1, -0.1)
(170, 'L', 'E', 0.14427860696517414, -121.1, -29.5, -8, -3.1, -158, -0.4, 1, -0.5, 2, -0.3)
(171, 'G', 'E', 0.0, -168.7, 157.7, -9, -1.6, -9, -2.7, -161, -0.1, -1, -0.5)
(172, 'R', 'E', 0.13138686131386862, -152.9, 141.0, -164, -2.5, -164, -3.1, -2, -0.3, 2, -0.3)
(173, 'D', 'E', 0.09844559585492228, -149.3, 167.6, -13, -2.1, -13, -2.7, -2, -0.3, 2, -0.3)
(174, 'S', 'E', 0.14838709677419354, -158.8, 162.0, -2, -0.3, 2, -0.3, -15, -0.2, -15, -0.2)
(175, 'F', 'E', 0.008333333333333333, -153.7, 153.2, -17, -1.7, -17, -2.8, -2, -0.3, -138, -0.2)
(176, 'E', 'E', 0.08071748878923767, -81.4, 154.1, -140, -2.6, -138, -3.2, -2, -0.3, 2, -0.4)
(177, 'V', 'E', 0.005747126436781609, -136.8, 141.5, -21, -2.4, -21, -1.0, -140, -0.2, 2, -0.4)
(178, 'R', 'E', 0.2518248175182482, -133.4, 119.9, -140, -2.4, -138, -2.2, -2, -0.4, 2, -0.7)
(179, 'V', 'E', 0.011494252873563218, -98.5, 117.9, -2, -0.4, -34, -2.3, -140, -0.2, -33, -0.5)
(180, 'C', '-', 0.05389221556886228, -147.1, 172.9, -140, -2.6, -138, -0.2, -2, -0.7, -2, -0.0)
(181, 'A', 'S', 0.5503875968992248, -76.2, -36.7, -2, -0.3, -140, -0.1, 1, -0.2, -1, -0.1)
(182, 'C', '-', 0.25149700598802394, -123.8, 80.3, 1, -0.2, 4, -2.6, -142, -0.1, -1, -0.2)
(183, 'P', 'H', 0.012578616352201259, -51.4, -53.6, 0, 0.0, 4, -2.7, 0, 0.0, 5, -0.3)
(184, 'G', 'H', 0.019230769230769232, -51.2, -60.2, -157, -0.6, 4, -2.8, -160, -0.3, 5, -0.2)
(185, 'R', 'H', 0.5401459854014599, -54.8, -47.4, 1, -0.2, 4, -2.5, 2, -0.2, -1, -0.2)
(186, 'D', 'H', 0.09844559585492228, -62.8, -37.0, -4, -2.6, 4, -2.0, 2, -0.2, -1, -0.2)
(187, 'R', 'H', 0.13138686131386862, -69.2, -48.8, -4, -2.7, 4, -1.7, -5, -0.2, -2, -0.2)
(188, 'R', 'H', 0.5328467153284672, -57.8, -39.2, -4, -2.8, 4, -0.8, -5, -0.3, -2, -0.2)
(189, 'T', 'H', 0.38953488372093026, -69.0, -42.8, -4, -2.5, 4, -0.7, -5, -0.2, 3, -0.5)
(190, 'E', 'H', 0.25112107623318386, -71.6, -21.7, -4, -2.0, -1, -0.2, 1, -0.2, -2, -0.2)
(191, 'E', 'H', 0.21076233183856502, -84.1, -18.6, -4, -1.7, 3, -1.3, 1, -0.2, -1, -0.2)
(192, 'E', 'H', 0.695067264573991, -67.6, -30.0, -4, -0.8, -1, -0.2, -3, -0.5, -2, -0.2)
(193, 'N', 'T', 0.717948717948718, -70.6, 5.2, -4, -0.7, -1, -0.3, 1, -0.2, -2, -0.1)
(194, 'L', '-', 0.6865671641791045, -91.6, 360.0, -3, -1.3, -1, -0.2, 0, 0.0, -3, -0.1)