Analyzed structure = PCA_-5_-1
Energy Matrix = KK new potential one by all
Sequence =
AARRDGDGAAGEDEGQ -35.54387499999999 96 97 170 171 172 GLY 174 GLY 244 243 GLY 248 247 241 GLY 239 
AAGRGRRGDDGDDDWP -37.776455 97 96 GLY 212 GLY 207 206 GLY 209 210 GLY 99 100 101 102 103 
Next sequence does not have enough residue that fulfilled the requirement
DDDWPDTKQRRGDD -32.2493685 99 100 101 102 103 104 105 106 107 149 148 GLY 146 110 
Next sequence does not have enough residue that fulfilled the requirement
DDDWPDTKQRRGDD -32.2493685 100 99 101 102 103 104 105 106 107 149 148 GLY 146 110 
Next sequence does not have enough residue that fulfilled the requirement
DWPDTKQRRGDD -28.834928 101 102 103 104 105 106 107 149 148 GLY 146 110 
WDDDAAGGRRRGDDGGA -37.447891999999996 102 101 100 99 97 96 GLY GLY 212 207 206 GLY 209 210 GLY GLY 262 
PDTKQRRGDDGGWDDD -33.259237 103 104 105 106 107 149 148 GLY 146 110 GLY GLY 102 101 100 99 
DPWDDDAAGGRRRGDD -38.644338 104 103 102 101 100 99 97 96 GLY GLY 212 207 206 GLY 209 210 
TDPWDDDAAGGRRRGD -37.396471 105 104 103 102 101 100 99 97 96 GLY GLY 212 207 206 GLY 209 
KQRRGDDGDPWDDDAA -34.274798499999996 106 107 149 148 GLY 146 110 GLY 104 103 102 101 100 99 97 96 
QKTDPWDDDAAGGRRR -33.6318585 107 106 105 104 103 102 101 100 99 97 96 GLY GLY 212 207 206 
DDGRRAGRRDDGAAAGGA -43.944351000000005 110 146 GLY 148 149 150 GLY 222 221 219 156 GLY 154 153 152 GLY GLY 261 
VAAAAADGDDDGDRRR -80.285069 114 116 117 118 119 120 121 GLY 279 280 281 GLY 283 284 285 286 
AAAAADDDDGDRRRRR -89.08797199999998 116 117 118 119 120 121 279 280 281 GLY 283 284 285 286 287 288 
AAAAGADGDDDDRRRR -85.70156749999998 117 116 119 118 GLY 120 121 GLY 279 280 281 283 284 285 286 287 
AAAAADGDDDGDRRRR -86.081369 118 117 116 119 120 121 GLY 279 280 281 GLY 283 284 285 286 287 
AAAAEGDAGAAADGRR -27.150567 119 118 117 116 123 GLY 277 276 GLY 137 138 139 140 GLY 198 199 
AAAAAEGDAGAAADGR -28.229950000000006 120 119 118 117 116 123 GLY 277 276 GLY 137 138 139 140 GLY 198 
DAAAAAEGDAGAAADGR -29.634044500000005 121 120 119 118 117 116 123 GLY 277 276 GLY 137 138 139 140 GLY 198 
EGDAAAADGRRADEGD -37.073141 123 GLY 277 276 137 138 139 140 GLY 198 199 200 201 202 GLY 219 
AAAVGRRRRGGDRRGD -67.4229455 128 129 130 131 GLY 286 287 288 289 GLY GLY 283 284 285 GLY 281 
AAAVGGRRRRGGDRRD -67.1250225 129 128 130 131 GLY GLY 286 287 288 289 GLY GLY 283 284 285 281 
AAAVGRRGRRGDRRGD -67.523174 130 129 128 131 GLY 286 287 GLY 288 289 GLY 283 284 285 GLY 281 
VAAAGRRRRGGDRRGD -68.4380755 131 130 129 128 GLY 286 287 288 289 GLY GLY 283 284 285 GLY 281 
AAADRRADEGDDGAAA -39.355004 137 138 139 140 198 199 200 201 202 GLY 219 156 GLY 154 153 152 
AADRRADEGDDGAAAGA -39.539764000000005 138 139 140 198 199 200 201 202 GLY 219 156 GLY 154 153 152 GLY 150 
ADRRADEGDDGAAAGA -37.50286800000001 139 140 198 199 200 201 202 GLY 219 156 GLY 154 153 152 GLY 150 
DAAAADGDDDGDRRRR -84.3502245 140 139 138 137 276 277 GLY 281 280 279 GLY 283 284 285 286 287 
DDGDPWDDDAAGGRRR -36.6381425 146 110 GLY 104 103 102 101 100 99 97 96 GLY GLY 212 207 206 
RRARRGDDGAAAGGAA -36.7191295 148 149 150 222 221 GLY 219 156 GLY 154 153 152 GLY GLY 261 260 
RRDGDDPWDDDGAAGGR -34.433961000000004 149 148 146 GLY 110 104 103 102 101 100 99 GLY 97 96 GLY GLY 212 
ARRDGDDPWDDDGAAGGR -39.589387 150 149 148 146 GLY 110 104 103 102 101 100 99 GLY 97 96 GLY GLY 212 
AAAGDDGAAAAVGDPW -34.632737000000006 152 153 154 GLY 219 156 GLY 260 261 262 263 264 GLY 104 103 102 
AAGDDGAAAAVGDPWD -34.03660850000001 153 154 GLY 219 156 GLY 260 261 262 263 264 GLY 104 103 102 101 
AAAARRGDGDDPWDDD -35.74326 154 153 152 150 149 148 GLY 146 GLY 110 104 103 102 101 100 99 
DDGEDARRGRRRRDDD -68.58447000000001 156 219 GLY 202 201 200 199 198 GLY 186 185 184 183 182 181 180 
WDSSRRDGDGAAGEDE -38.205482499999995 164 165 166 167 170 171 172 GLY 174 GLY 244 243 GLY 248 247 241 
DWWGDGQEGEDAAGAGD -36.191565000000004 165 164 250 GLY 273 GLY 239 241 GLY 248 247 244 243 GLY 177 GLY 181 
SDWWGDGQEGEDAAGA -32.927786499999996 166 165 164 250 GLY 273 GLY 239 241 GLY 248 247 244 243 GLY 177 
SSDWWGDGQEGEDAAGGA -34.235251 167 166 165 164 250 GLY 273 GLY 239 241 GLY 248 247 244 243 GLY GLY 177 
RRDDGAAGEDEGQGDGW -39.02227499999999 170 171 172 174 GLY 244 243 GLY 248 247 241 GLY 239 GLY 273 GLY 250 
RDDGAAGEDEGQGDGW -36.17323049999999 171 172 174 GLY 244 243 GLY 248 247 241 GLY 239 GLY 273 GLY 250 
DRRGSDWWGDGQEGED -36.1466765 172 171 170 GLY 166 165 164 250 GLY 273 GLY 239 241 GLY 248 247 
DDRRGSDWGWGDGQEE -36.23846650000001 174 172 171 170 GLY 166 165 164 GLY 250 GLY 273 GLY 239 241 248 
ADDGDRRRRRAGARAGD -62.977863 177 181 180 GLY 182 183 184 185 186 187 188 GLY 190 191 192 GLY 174 
DDDRRRRRAARAGDGD -62.655133 180 181 182 183 184 185 186 187 188 190 191 192 GLY 174 GLY 172 
DDDRRRRRAGARAGDD -62.457253 181 180 182 183 184 185 186 187 188 GLY 190 191 192 GLY 174 172 
DDDGRRRRRAARAGDGD -62.933823000000004 182 181 180 GLY 183 184 185 186 187 188 190 191 192 GLY 174 GLY 172 
RRRRRAARAGDDDGAGA -57.861373 183 184 185 186 187 188 190 191 192 GLY 180 181 182 GLY 177 GLY 244 
Next sequence does not have enough residue that fulfilled the requirement
RRRRAARAGDDDR -51.05622249999999 184 185 186 187 188 190 191 192 GLY 180 181 182 183 
RRRAARAGDDDRRGGA -49.59135 185 186 187 188 190 191 192 GLY 180 181 182 183 184 GLY GLY 138 
RRRRDDDRAGDDRRGS -56.244530000000005 186 185 184 183 182 181 180 191 192 GLY 174 172 171 170 GLY 166 
RRRRRDDDRAGDDRRGS -64.456366 187 186 185 184 183 182 181 180 191 192 GLY 174 172 171 170 GLY 166 
ARRRRRDDDRAGDDRR -71.97682750000001 188 187 186 185 184 183 182 181 180 191 192 GLY 174 172 171 170 
ARADDDRRRRRAGGRR -67.42713 190 191 192 180 181 182 183 184 185 186 187 188 GLY GLY 204 206 
RADDDRRRRRAGAGGR -62.4082485 191 192 180 181 182 183 184 185 186 187 188 GLY 190 GLY GLY 207 
ARARRRRRDDDGAGAA -60.6982145 192 191 190 187 186 185 184 183 182 181 180 GLY 177 GLY 244 243 
RRADEDGDAAAGARRGD -47.997961 198 199 200 201 202 219 GLY 156 154 153 152 GLY 150 149 148 GLY 146 
RRGRRRRDDDRAGDGD -58.5738185 199 198 GLY 186 185 184 183 182 181 180 191 192 GLY 174 GLY 172 
ADEDGDAAAGARRGDD -49.351538 200 201 202 219 GLY 156 154 153 152 GLY 150 149 148 GLY 146 110 
DEDGDAAAGARRGDDGD -49.066851 201 202 219 GLY 156 154 153 152 GLY 150 149 148 GLY 146 110 GLY 104 
EDARRGRRRRDDDRAGD -61.5861245 202 201 200 199 198 GLY 186 185 184 183 182 181 180 191 192 GLY 174 
RRRRGDDGGAAAGDDGE -53.97560349999999 204 206 207 212 GLY 210 209 GLY GLY 262 261 260 GLY 156 219 GLY 202 
RRRDDGGAAAGDGDEGD -53.299783500000004 206 207 212 210 209 GLY GLY 262 261 260 GLY 156 GLY 219 202 GLY 201 
RRGDDRGGDRRGSDWW -41.711611999999995 207 206 GLY 209 210 212 GLY GLY 172 171 170 GLY 166 165 164 250 
DDRRRGRGEDARRGRR -60.18436499999999 209 210 212 207 206 GLY 204 GLY 202 201 200 199 198 GLY 186 185 
DDRRRGRGEDARRGRR -60.18436499999999 210 209 212 207 206 GLY 204 GLY 202 201 200 199 198 GLY 186 185 
RRRGDDGGDDDWPDTK -36.2474055 212 207 206 GLY 209 210 GLY GLY 99 100 101 102 103 104 105 106 
DDAAAGARRGDDGDPW -37.309112500000005 219 156 154 153 152 GLY 150 149 148 GLY 146 110 GLY 104 103 102 
RRRRRARRGDDGDPWD -39.99834750000001 221 222 223 224 225 226 227 228 GLY 146 110 GLY 104 103 102 101 
RRDDGAAAGARRGDDGD -48.7686995 222 221 219 156 GLY 154 153 152 GLY 150 149 148 GLY 146 110 GLY 104 
RRRARRGDDGDPWDDD -39.741054500000004 223 224 225 226 227 228 GLY 146 110 GLY 104 103 102 101 100 99 
RRARRRRRGDDGAAAGA -45.51021850000001 224 225 226 227 228 223 222 221 GLY 219 156 GLY 154 153 152 GLY 150 
RRRRRDDGAAAGARRGD -46.425886999999996 225 224 223 222 221 219 156 GLY 154 153 152 GLY 150 149 148 GLY 146 
ARRRRRGGRRGDDGAA -43.558742499999994 226 227 228 223 224 225 GLY GLY 222 221 GLY 219 156 GLY 154 153 
RRRRRAGGRGRDDGAA -38.750819500000006 227 228 223 224 225 226 GLY GLY 222 GLY 221 219 156 GLY 154 153 
RRARRRRRDDGAAAGA -43.34092150000001 228 227 226 225 224 223 222 221 219 156 GLY 154 153 152 GLY 150 
QGDWGEDGEAAGDGDR -37.9347105 239 GLY 273 250 GLY 248 247 GLY 241 243 244 GLY 174 GLY 172 171 
EEDAAGGADDGDRRRR -58.543476999999996 241 248 247 244 243 GLY GLY 177 181 180 GLY 182 183 184 185 186 
AADEEGQGDGWWDSSGR -36.20370100000001 243 244 247 248 241 GLY 239 GLY 273 GLY 250 164 165 166 167 GLY 170 
AAEGDEQGDGWGWDSS -32.34684800000001 244 243 248 GLY 247 241 239 GLY 273 GLY 250 GLY 164 165 166 167 
DEEAAGDGDRRGSDWW -37.001490999999994 247 248 241 243 244 GLY 174 GLY 172 171 170 GLY 166 165 164 250 
EDEGAADGDRRGSDWGW -36.573491 248 247 241 GLY 243 244 174 GLY 172 171 170 GLY 166 165 164 GLY 250 
WDGQGEEDGAAGAGDD -36.502612 250 273 GLY 239 GLY 241 248 247 GLY 244 243 GLY 177 GLY 181 180 
AAAAVGDDGEDARRGR -43.7722625 260 261 262 263 264 GLY 156 219 GLY 202 201 200 199 198 GLY 186 
AAGDDGEDARRGRRRR -60.290784 261 260 GLY 156 219 GLY 202 201 200 199 198 GLY 186 185 184 183 
AAAGDDGEDARRGRRR -58.707995499999996 262 261 260 GLY 156 219 GLY 202 201 200 199 198 GLY 186 185 184 
AAAAGDDGEDARRGRR -53.1361225 263 262 261 260 GLY 156 219 GLY 202 201 200 199 198 GLY 186 185 
VAAAAGDDGEDARRGR -45.075084000000004 264 263 262 261 260 GLY 156 219 GLY 202 201 200 199 198 GLY 186 
DWGEDGEAAGDGDRRGS -37.130515 273 250 GLY 248 247 GLY 241 243 244 GLY 174 GLY 172 171 170 GLY 166 
ADDDDGDRRRRRRGAA -86.56828599999999 276 277 281 280 279 GLY 283 284 285 286 287 288 289 GLY 129 128 
DAAAADGRRADEGDDGA -39.453013999999996 277 276 137 138 139 140 GLY 198 199 200 201 202 GLY 219 156 GLY 154 
DDDDRRRRRRGAAGAV -79.28134599999997 279 280 281 283 284 285 286 287 288 289 GLY 129 128 GLY 130 131 
DDDRRRRRRGAAGAVGGD -74.73953149999997 280 281 283 284 285 286 287 288 289 GLY 129 128 GLY 130 131 GLY GLY 273 
DDDDRRRRRRGAAGAV -73.42968299999997 281 280 279 283 284 285 286 287 288 289 GLY 129 128 GLY 130 131 
DRRRRRRGAAAVGGDGW -55.916583999999986 283 284 285 286 287 288 289 GLY 129 128 130 131 GLY GLY 273 GLY 250 
RDRRRRGAAGAVGGRD -63.02453249999998 284 283 286 287 288 289 GLY 129 128 GLY 130 131 GLY GLY 285 281 
RRRRRGAAAVGGDGWGE -46.523847999999994 285 286 287 288 289 GLY 129 128 130 131 GLY GLY 273 GLY 250 GLY 248 
RRRRGAAAVGGRRDGD -54.7035025 286 287 288 289 GLY 129 128 130 131 GLY GLY 285 284 283 GLY 281 
RRRRDDDDGDAAAADGR -79.56742899999999 287 286 285 284 283 281 280 279 GLY 277 276 137 138 139 140 GLY 198 
RRRRRDDDDGDAAAAD -86.23910899999998 288 287 286 285 284 283 281 280 279 GLY 277 276 137 138 139 140 
RRRRRRDDDDGDAAAA -87.736629 289 288 287 286 285 284 283 281 280 279 GLY 277 276 137 138 139 
