Analyzed structure = 2ocj													
Energy Matrix = KK new potential one by all													
Sequence =													
96	 'S'	 '-'	0.858064516	360	-149.7	0	0	0	0	0	0	0	 0.0)
97	 'V'	 '-'	0.287356322	-143.6	125.6	65	0	73	-0.1	0	0	3	 -0.1)
98	 'P'	 '-'	0.226415094	-62.2	140.1	0	0	2	-0.1	0	0	62	 -0.0)
99	 'S'	 '-'	0.419354839	-66.3	143.8	1	-0.1	155	0	2	0	0	 0.0)
100	 'Q'	 '-'	0.311111111	-124.8	21.1	-3	-0.1	2	-0.4	-2	-0.1	-1	 -0.1)
101	 'K'	 '-'	0.677966102	-76.9	128.7	1	-0.1	2	-0.1	167	-0.1	-2	 -0.0)
102	 'T'	 '-'	0.488372093	-61.9	133.7	-2	-0.4	2	-0.3	164	-0.1	166	 -0.2)
103	 'Y'	 'B'	0.410646388	-151.8	96.9	164	-3.1	164	-2.5	6	-0.1	6	 -0.1)
104	 'Q'	 '-'	0.364444444	-65.9	-29.2	-2	-0.3	5	-2.7	162	-0.2	3	 -0.5)
105	 'G'	 'G'	0.230769231	66.7	-173.9	1	-0.2	3	-1.4	3	-0.2	161	 -0.1)
106	 'S'	 'G'	0.412903226	-72.1	-6.9	1	-0.3	-1	-0.2	159	-0.2	560	 -0.1)
107	 'Y'	 'G'	0.068441065	-103.1	0.7	-3	-0.5	41	-2.9	158	-0.4	42	 -1.7)
108	 'G'	 'T'	0.048076923	64.3	48	-3	-1.4	2	-0.4	-4	-0.3	-3	 -0.2)
109	 'F'	 '-'	0.004166667	-72.1	122.5	-5	-2.7	2	-0.3	156	-0.2	38	 -0.2)
110	 'R'	 'E'	0.405109489	-140.8	159.5	36	-3.2	36	-3.4	-2	-0.4	2	 -0.3)
111	 'L'	 'E'	0.169154229	-107.9	146.1	-2	-0.3	2	-0.3	34	-0.2	34	 -0.2)
112	 'G'	 'E'	0.115384615	-135	160	32	-2	32	-2.8	-2	-0.3	2	 -0.3)
113	 'F'	 '-'	0.066666667	-141.8	156	-2	-0.3	30	-0.1	30	-0.2	2	 -0.0)
114	 'L'	 '-'	0.432835821	-66.5	148.4	28	-0.4	2	-1.3	-2	-0.3	12	 -0.6)
115	 'H'	 '-'	0.834821429	-96	78.6	1	-0.2	-1	-0.1	10	-0.1	10	 -0.1)
116	 'S'	 '-'	0.322580645	-83.2	-17	-2	-1.3	3	-0.4	1	-0.2	-1	 -0.2)
117	 'G'	 '-'	0.326923077	77.7	-175.9	9	-0.2	-1	-0.2	1	-0.2	166	 -0.0)
118	 'T'	 '-'	0.151162791	-119.6	24	164	-0.1	-1	-0.2	162	0	165	 -0.1)
119	 'A'	 '-'	0.395348837	-64.4	149.6	-3	-0.4	3	-2.3	1	-0.1	160	 -0.3)
120	 'K'	 'T'	0.843220339	-44.1	-34.5	1	-0.3	159	-0.2	159	-0.1	-1	 -0.1)
121	 'S'	 'T'	0.664516129	-74.1	-19.3	157	-0.1	-1	-0.3	156	-0.1	-2	 -0.0)
122	 'V'	 '-'	0.109195402	-60.7	131.8	-3	-2.3	157	-0.6	1	-0.2	3	 -0.1)
123	 'T'	 'S'	0.348837209	-96.8	-19.8	1	-0.3	13	-2	155	-0.1	2	 -0.3)
124	 'C'	 'E'	0.095808383	-150.9	125.1	11	-0.2	2	-0.3	-8	-0.1	-1	 -0.3)
125	 'T'	 'E'	0.011627907	-146.3	137	9	-2.7	9	-2.5	-2	-0.3	2	 -0.4)
126	 'Y'	 'E'	0.159695817	-102.7	140.8	-12	-0.6	-9	-0.2	-2	-0.3	7	 -0.2)
127	 'S'	 'E'	0	-106.3	107	5	-2.8	5	-1.6	-2	-0.4	4	 -1.5)
128	 'P'	 'T'	0.534591195	-60	-40.3	0	0	3	-0.2	0	0	-1	 -0.2)
129	 'A'	 'T'	0.565891473	-59.7	-38.6	1	-0.2	-2	0	2	-0.1	0	 0.0)
130	 'L'	 'T'	0.268656716	-102.2	-2.6	-3	-0.2	141	-0.2	2	-0.2	-1	 -0.2)
131	 'N'	 'T'	0.333333333	47.5	51	-4	-1.5	140	-2.6	1	-0.2	2	 -0.4)
132	 'K'	 'E'	0.072033898	-135.9	132.6	-5	-1.6	-5	-2.8	138	-0.2	2	 -0.4)
133	 'M'	 'E'	0.004464286	-99	134.6	138	-3.2	140	-2.4	-2	-0.4	2	 -0.5)
134	 'F'	 'E'	0	-117.5	122.8	-9	-2.5	-9	-2.7	-2	-0.4	2	 -0.3)
135	 'C'	 'E'	0	-146.6	161.1	138	-2.2	140	-2.6	-2	-0.5	2	 -0.2)
136	 'Q'	 '-'	0.226666667	-89.8	150.1	-13	-2	3	-1.7	-2	-0.3	100	 -0.4)
137	 'L'	 'T'	0.179104478	-54.6	135	1	-0.3	100	-0.2	-2	-0.2	-1	 -0.1)
138	 'A'	 'T'	0.317829457	61.5	-2.1	98	-2.7	-1	-0.3	1	-0.2	99	 -0.1)
139	 'K'	 'S'	0.394067797	-80.5	158.2	-3	-1.7	97	-0.4	97	-0.3	2	 -0.2)
140	 'T'	 '-'	0.319767442	-64.6	126.7	95	-0.1	95	-0.2	-2	-0.1	-4	 -0.2)
141	 'C'	 'E'	0	-121.5	96.5	93	-2.5	93	-2.2	-2	-0.2	2	 -0.3)
142	 'P'	 'E'	0.13836478	-68.4	125.7	0	0	2	-0.4	0	0	-28	 -0.4)
143	 'V'	 'E'	0	-127.4	123.4	89	-2.3	89	-2.6	-2	-0.3	2	 -0.4)
144	 'Q'	 'E'	0.12	-97	139.9	-32	-2.8	-32	-2	-2	-0.4	2	 -0.6)
145	 'L'	 'E'	0.004975124	-106.9	116.3	85	-3.3	85	-2.1	-2	-0.4	2	 -0.4)
146	 'W'	 'E'	0.368421053	-111	134	-36	-3.4	-36	-3.2	-2	-0.6	2	 -0.3)
147	 'V'	 '-'	0.137931034	-138	154.9	81	-0.4	-39	-0.2	-2	-0.4	-38	 -0.2)
148	 'D'	 'S'	0.264248705	-90.3	-27.5	-41	-2.9	2	-0.4	-2	-0.3	-40	 -0.2)
149	 'S'	 'S'	0.058064516	-133.6	141.1	-42	-1.7	-1	-0.3	518	0	518	 -0.1)
150	 'T'	 '-'	0.48255814	-71.3	123.9	-2	-0.4	-2	0	516	-0.2	0	 0.0)
151	 'P'	 '-'	0.050314465	-66.8	151.7	0	0	4	-0.1	0	0	3	 -0.1)
152	 'P'	 '-'	0.295597484	-55.4	158.8	0	0	3	-1.4	0	0	2	 -0.0)
153	 'P'	 'T'	0.798742138	-66	145.2	0	0	107	-0.3	0	0	3	 -0.1)
154	 'G'	 'T'	0.432692308	94.9	-6.2	1	-0.3	104	0	66	-0.3	2	 -0.0)
155	 'T'	 '-'	0.01744186	-63.4	145.8	-3	-1.4	65	-3.3	65	-0.1	-1	 -0.3)
156	 'R'	 'E'	0.208029197	-130.3	157.9	102	-3.2	102	-2.8	63	-0.3	2	 -0.5)
157	 'V'	 'E'	0.005747126	-118.6	124.2	61	-2.9	61	-2	-2	-0.3	2	 -0.4)
158	 'R'	 'E'	0.105839416	-116.6	145.5	98	-2.9	98	-2.7	-2	-0.5	2	 -0.4)
159	 'A'	 'E'	0	-127.2	138.8	57	-2.2	57	-2.1	-2	-0.4	2	 -0.3)
160	 'M'	 'E'	0.142857143	-149.3	145.2	94	-1.5	94	-3.3	-2	-0.4	2	 -0.3)
161	 'A'	 'E'	0.085271318	-107.7	149	53	-0.5	12	-0.5	-2	-0.3	2	 -0.3)
162	 'I'	 'E'	0	-146.7	152.5	90	-2	90	-2.9	-2	-0.3	2	 -0.2)
163	 'Y'	 'E'	0.007604563	-72.4	139.3	8	-0.5	88	-0.3	5	-0.4	5	 -0.1)
164	 'K'	 'S'	0.419491525	-71.7	-39.3	86	-2.3	2	-0.3	-2	-0.2	87	 -0.1)
165	 'Q'	 'S'	0.302222222	-70.4	128.5	85	-0.6	3	-2.2	1	-0.1	4	 -0.9)
166	 'S'	 'T'	0.612903226	-57	-22.3	-2	-0.3	4	-0.3	1	-0.3	-1	 -0.1)
167	 'Q'	 'T'	0.528888889	-88.3	6	1	-0.2	-1	-0.3	2	-0.1	-2	 -0.1)
168	 'H'	 'T'	0.227678571	-134.6	-3.7	-3	-2.2	3	-1.8	-5	-0.1	-5	 -0.4)
169	 'M'	 'T'	0.138392857	-53.4	-34.8	-4	-0.9	-6	-0.3	1	-0.3	-2	 -0.1)
170	 'T'	 'T'	0.627906977	-79	-12.8	-4	-0.3	2	-0.5	-73	-0.1	-1	 -0.3)
171	 'E'	 'S'	0.399103139	-83.4	127.3	-3	-1.8	-8	-0.5	1	-0.1	2	 -0.1)
172	 'V'	 '-'	0.132183908	-65.4	132.2	-2	-0.5	2	-0.5	-10	-0.1	-10	 -0.1)
173	 'V'	 '-'	0.040229885	-82.3	124.4	-12	-0.5	41	-0.3	-2	-0.1	21	 -0.3)
174	 'R'	 '-'	0.302919708	-147.8	165.5	-2	-0.5	19	-0.2	19	-0.1	72	 -0.1)
175	 'R'	 '-'	0.010948905	-68.8	154.2	17	-2.5	63	-0.1	-2	-0.3	19	 -0.1)
176	 'C'	 '-'	0.017964072	-74	166.8	1	-0.1	4	-2.7	4	0	5	 -0.3)
177	 'P'	 'H'	0.559748428	-53.3	-46	0	0	4	-2.4	0	0	5	 -0.2)
178	 'H'	 'H'	0.544642857	-56.1	-55.6	65	-0.3	4	-1.5	1	-0.2	66	 -0.1)
179	 'H'	 'H'	0.098214286	-71.5	-30.8	2	-0.2	5	-0.3	1	-0.2	-1	 -0.2)
180	 'E'	 'H'	0.30941704	-62.3	-40.9	-4	-2.7	-1	-0.2	1	-0.2	-2	 -0.2)
181	 'R'	 'H'	0.773722628	-86.7	-17.9	-4	-2.4	-2	-0.2	-5	-0.3	-1	 -0.2)
182	 'C'	 'S'	0.305389222	-61.1	145	-4	-1.5	2	-1.6	-5	-0.2	3	 -0.2)
183	 'S'	 'S'	0.806451613	-87.5	76.7	1	-0.2	-1	-0.1	2	0	-2	 -0.1)
184	 'D'	 '-'	0.222797927	-124.7	12.4	-2	-1.6	-1	-0.2	-5	-0.3	-2	 -0.1)
185	 'S'	 '-'	0.541935484	-55.3	137.4	-3	-0.2	-2	0	1	-0.1	0	 0.0)
186	 'D'	 '-'	0.373056995	-104.4	11.5	3	-0.2	-1	-0.1	12	0	0	 0.0)
187	 'G'	 'S'	0.634615385	81	-12	2	-0.2	-2	-0.1	1	-0.1	0	 0.0)
188	 'L'	 'S'	0.482587065	-109.8	-50.1	2	-0.1	17	-0.2	16	0	-1	 -0.1)
189	 'A'	 'S'	0.046511628	-73.5	140.7	1	-0.1	-2	-0.2	8	-0.1	-3	 -0.2)
190	 'P'	 '-'	0.226415094	-69	148.4	0	0	3	-1	0	0	-1	 -0.1)
191	 'P'	 'T'	0.471698113	-62.7	-23.4	0	0	-9	-0.1	0	0	-16	 -0.1)
192	 'Q'	 'T'	0.266666667	-81.6	-20.2	-18	-0.1	-17	-2.5	-11	-0.1	2	 -0.2)
193	 'H'	 '-'	0.008928571	-69.8	130.8	-3	-1	44	-0.1	-19	-0.2	-19	 -0.1)
194	 'L'	 'S'	0.029850746	-74.5	-46.1	-21	-0.3	43	-2.8	-2	-0.2	2	 -0.5)
195	 'I'	 'E'	0.055837563	-97.6	127.2	41	-0.2	2	-0.3	42	-0.1	41	 -0.2)
196	 'R'	 'E'	0.03649635	-124.9	164.2	39	-2.3	39	-2.1	-2	-0.5	2	 -0.4)
197	 'V'	 'E'	0.034482759	-120.5	133	-2	-0.3	3	-0.3	37	-0.2	2	 -0.3)
198	 'E'	 '-'	0.286995516	-106.4	157	35	-2.4	35	-0.5	-2	-0.4	3	 -0.0)
199	 'G'	 'S'	0.788461538	67.3	31.9	-2	-0.3	2	-0.3	1	-0.1	-1	 -0.2)
200	 'N'	 '-'	0.256410256	-148.3	101.6	-3	-0.3	3	-1.5	1	-0.1	-3	 -0.1)
201	 'L'	 'T'	0.810945274	-70.2	-4.5	-2	-0.3	-1	-0.1	1	-0.3	-2	 -0.0)
202	 'R'	 'T'	0.554744526	-103.9	14.4	17	-0.1	-1	-0.3	2	-0.1	15	 -0.0)
203	 'V'	 '-'	0.109195402	-65	145.1	-3	-1.5	2	-0.4	15	-0.1	15	 -0.2)
204	 'E'	 'E'	0.367713004	-132.6	135.5	13	-2.5	13	-3	-2	0	2	 -0.4)
205	 'Y'	 'E'	0.144486692	-113.5	144.6	-2	-0.4	2	-0.4	11	-0.2	11	 -0.2)
206	 'L'	 'E'	0.313432836	-134.3	136	9	-2.6	9	-1.6	-2	-0.4	2	 -0.6)
207	 'D'	 'E'	0.430051813	-110.6	106.2	-2	-0.4	7	-0.2	7	-0.2	6	 -0.1)
208	 'D'	 '-'	0.264248705	-57.6	128.2	5	-2.7	4	-1.2	-2	-0.6	-2	 -0.0)
209	 'R'	 'T'	0.766423358	-66	-23.5	2	-0.1	-1	-0.2	1	-0.1	-3	 -0.0)
210	 'N'	 'T'	0.61025641	-103.2	-50.8	3	-0.1	-1	-0.1	0	0	-2	 -0.1)
211	 'T'	 'T'	0.308139535	-86.9	-18.8	2	-0.1	-2	-0.1	1	0	3	 -0.1)
212	 'F'	 '-'	0.545833333	69.1	9.6	-4	-1.2	2	-0.1	1	-0.2	-3	 -0.1)
213	 'R'	 '-'	0.018248175	-73.3	145.9	-6	-0.1	-5	-2.7	-41	-0.1	2	 -0.3)
214	 'H'	 'E'	0.080357143	-96.7	149.2	-41	-0.3	-53	-0.5	-7	-0.2	2	 -0.3)
215	 'S'	 'E'	0.032258065	-158.1	157.7	-9	-1.6	-9	-2.6	-2	-0.3	2	 -0.4)
216	 'V'	 'E'	0.005747126	-129.6	134.7	-57	-2.1	-57	-2.2	-2	-0.3	2	 -0.3)
217	 'V'	 'E'	0	-132.6	145.4	-13	-3	-13	-2.5	-2	-0.4	-59	 -0.2)
218	 'V'	 'E'	0.017241379	-135	157.4	-61	-2	-61	-2.9	-2	-0.3	-15	 -0.1)
219	 'P'	 'E'	0.163522013	-64.4	146.3	0	0	2	-0.4	0	0	-63	 -0.3)
220	 'Y'	 '-'	0.049429658	-80.7	133.6	-65	-3.3	-66	-0.3	38	-0.1	-65	 -0.1)
221	 'E'	 '-'	0.421524664	-120.7	133.2	-2	-0.4	3	-0.1	-68	-0.1	-65	 -0.0)
222	 'P'	 '-'	0.421383648	-60.2	157.4	0	0	7	-0.1	0	0	-72	 -0.0)
223	 'P'	 '-'	0.226415094	-66	153.4	0	0	7	-0.1	0	0	3	 -0.1)
224	 'E'	 '-'	0.713004484	-68.3	171.7	5	-0.4	3	-1.8	1	-0.2	2	 -0.3)
225	 'V'	 'T'	0.833333333	-68.7	126.5	1	-0.3	-1	-0.2	3	0	3	 -0.1)
226	 'G'	 'T'	0.817307692	85.7	-7.9	1	-0.4	-1	-0.3	-2	-0.3	2	 -0.3)
227	 'S'	 '-'	0.335483871	-96.7	151.7	-3	-1.8	-1	-0.4	1	-0.1	3	 -0.1)
228	 'D'	 '-'	0.595854922	-111.9	-8.9	-2	-0.3	-81	-0.4	1	-0.1	2	 -0.3)
229	 'C'	 'S'	0.089820359	-148.8	161.9	-83	-0.1	2	-0.4	-7	-0.1	-5	 -0.4)
230	 'T'	 'E'	0.110465116	-102	134.9	-85	-2.1	-85	-3.3	-2	-0.3	2	 -0.5)
231	 'T'	 'E'	0.377906977	-109.8	131.6	-2	-0.4	2	-0.4	-87	-0.2	-87	 -0.2)
232	 'I'	 'E'	0.065989848	-116.2	134.1	-89	-2.6	-89	-2.3	-2	-0.5	2	 -0.8)
233	 'H'	 'E'	0.348214286	-101	108.7	-35	-0.5	-35	-2.4	-2	-0.4	2	 -0.2)
234	 'Y'	 'E'	0.003802281	-97.5	157.7	-93	-2.2	-93	-2.5	-2	-0.8	2	 -0.4)
235	 'N'	 'E'	0.092307692	-135.4	132.6	-39	-2.1	-39	-2.3	-2	-0.2	2	 -0.6)
236	 'Y'	 'E'	0	-104.9	116.5	-97	-0.4	-98	-2.7	-100	-0.4	-97	 -0.3)
237	 'M'	 '-'	0.035714286	-89.5	23	-43	-2.8	2	-0.3	-2	-0.6	-42	 -0.1)
238	 'C'	 'S'	0.005988024	-154.9	145.6	-44	-0.2	2	-0.2	-63	-0.1	-100	 -0.1)
239	 'N'	 '-'	0.21025641	-87.3	153.5	-2	-0.3	3	-0.9	1	-0.1	7	 -0.4)
240	 'S'	 'T'	0.038709677	-64	-26.4	34	-2.3	8	-4.1	1	-0.2	9	 -0.3)
241	 'S'	 'T'	0.374193548	-86.1	-13.5	33	-0.5	-1	-0.2	6	-0.2	3	 -0.1)
242	 'C'	 '-'	0.089820359	-42.8	119.4	-3	-0.9	3	-1.7	1	-0.1	5	 -1.3)
243	 'M'	 'T'	0.75	-66.4	128	1	-0.3	-65	-0.3	4	-0.1	-1	 -0.1)
244	 'G'	 'T'	0.538461538	91.3	-11.7	-2	-0.2	-1	-0.3	1	-0.2	-2	 -0.1)
245	 'G'	 'T'	0.048076923	-105.5	-125.1	-3	-1.7	-1	-0.2	-69	-0.1	-70	 -0.1)
246	 'M'	 'T'	0.008928571	-59.1	-26.7	-7	-0.4	3	-2.1	-3	-0.1	-6	 -0.1)
247	 'N'	 'T'	0.451282051	49.7	51.8	-5	-1.3	-6	-0.2	-8	-0.3	-4	 -0.1)
248	 'R'	 'T'	0.642335766	75.2	-6.1	-8	-4.1	-1	-0.3	1	-0.3	-7	 -0.2)
249	 'R'	 '-'	0.131386861	-75.9	130.3	-3	-2.1	-1	-0.3	-9	-0.3	2	 -0.0)
250	 'P'	 '-'	0.245283019	-67.2	147.9	0	0	-86	-2.3	0	0	-85	 -0.6)
251	 'I'	 'E'	0	-129.2	159.8	21	-1	21	-2.4	-88	-0.3	2	 -0.4)
252	 'L'	 'E'	0.074626866	-120	147.7	-90	-2.9	-90	-2	-2	-0.3	2	 -0.5)
253	 'T'	 'E'	0	-111	126.9	17	-2.8	17	-1.7	-2	-0.4	2	 -0.5)
254	 'I'	 'E'	0.035532995	-108.1	123.3	-94	-3.3	-94	-1.5	-2	-0.5	2	 -0.5)
255	 'I'	 'E'	0	-106.3	123.5	13	-2.7	13	-2.1	-2	-0.5	2	 -0.4)
256	 'T'	 'E'	0.122093023	-121	142.7	-98	-2.7	-98	-2.9	-2	-0.5	2	 -0.5)
257	 'L'	 'E'	0	-103.8	124.7	9	-2.7	8	-3.1	-2	-0.4	9	 -1.6)
258	 'E'	 'E'	0.085201794	-133.3	155.7	-102	-2.8	-102	-3.2	-2	-0.5	6	 -0.2)
259	 'D'	 '-'	0.088082902	-80.4	175.9	4	-2.1	3	-2.5	-2	-0.3	-104	 -0.1)
260	 'S'	 'T'	0.432258065	-57.3	-15.7	-107	-0.3	-1	-0.1	1	-0.3	-105	 -0.1)
261	 'S'	 'T'	0.483870968	-99.4	0.1	2	-0.1	-1	-0.3	0	0	-106	 -0.1)
262	 'G'	 '-'	0.365384615	93.4	-5.6	-3	-2.5	-2	-0.1	1	-0.3	2	 -0.1)
263	 'N'	 '-'	0.425641026	-64.8	138.4	1	-0.1	-4	-2.1	-5	-0.1	-1	 -0.3)
264	 'L'	 'E'	0.36318408	-66.2	134.1	-6	-0.2	-6	-0.2	1	-0.1	-1	 -0.1)
265	 'L'	 'E'	0.144278607	-121.1	-29.5	-8	-3.1	-158	-0.4	1	-0.5	2	 -0.3)
266	 'G'	 'E'	0	-168.7	157.7	-9	-1.6	-9	-2.7	-161	-0.1	-1	 -0.5)
267	 'R'	 'E'	0.131386861	-152.9	141	-164	-2.5	-164	-3.1	-2	-0.3	2	 -0.3)
268	 'N'	 'E'	0.097435897	-149.3	167.6	-13	-2.1	-13	-2.7	-2	-0.3	2	 -0.3)
269	 'S'	 'E'	0.148387097	-158.8	162	-2	-0.3	2	-0.3	-15	-0.2	-15	 -0.2)
270	 'F'	 'E'	0.008333333	-153.7	153.2	-17	-1.7	-17	-2.8	-2	-0.3	-138	 -0.2)
271	 'E'	 'E'	0.080717489	-81.4	154.1	-140	-2.6	-138	-3.2	-2	-0.3	2	 -0.4)
272	 'V'	 'E'	0.005747126	-136.8	141.5	-21	-2.4	-21	-1	-140	-0.2	2	 -0.4)
273	 'R'	 'E'	0.251824818	-133.4	119.9	-140	-2.4	-138	-2.2	-2	-0.4	2	 -0.7)
274	 'V'	 'E'	0.011494253	-98.5	117.9	-2	-0.4	-34	-2.3	-140	-0.2	-33	 -0.5)
275	 'C'	 '-'	0.053892216	-147.1	172.9	-140	-2.6	-138	-0.2	-2	-0.7	-2	 -0.0)
276	 'A'	 'S'	0.550387597	-76.2	-36.7	-2	-0.3	-140	-0.1	1	-0.2	-1	 -0.1)
277	 'C'	 '-'	0.251497006	-123.8	80.3	1	-0.2	4	-2.6	-142	-0.1	-1	 -0.2)
278	 'P'	 'H'	0.012578616	-51.4	-53.6	0	0	4	-2.7	0	0	5	 -0.3)
279	 'G'	 'H'	0.019230769	-51.2	-60.2	-157	-0.6	4	-2.8	-160	-0.3	5	 -0.2)
280	 'R'	 'H'	0.540145985	-54.8	-47.4	1	-0.2	4	-2.5	2	-0.2	-1	 -0.2)
281	 'D'	 'H'	0.098445596	-62.8	-37	-4	-2.6	4	-2	2	-0.2	-1	 -0.2)
282	 'R'	 'H'	0.131386861	-69.2	-48.8	-4	-2.7	4	-1.7	-5	-0.2	-2	 -0.2)
283	 'R'	 'H'	0.532846715	-57.8	-39.2	-4	-2.8	4	-0.8	-5	-0.3	-2	 -0.2)
284	 'T'	 'H'	0.389534884	-69	-42.8	-4	-2.5	4	-0.7	-5	-0.2	3	 -0.5)
285	 'E'	 'H'	0.251121076	-71.6	-21.7	-4	-2	-1	-0.2	1	-0.2	-2	 -0.2)
286	 'E'	 'H'	0.210762332	-84.1	-18.6	-4	-1.7	3	-1.3	1	-0.2	-1	 -0.2)
287	 'E'	 'H'	0.695067265	-67.6	-30	-4	-0.8	-1	-0.2	-3	-0.5	-2	 -0.2)
288	 'N'	 'T'	0.717948718	-70.6	5.2	-4	-0.7	-1	-0.3	1	-0.2	-2	 -0.1)
289	 'L'	 '-'	0.686567164	-91.6	360	-3	-1.3	-1	-0.2	0	0	-3	 -0.1)
