Analyzed	structure	=	2ocj_ST7																
Energy	matrix	=	KK	new	potential	one	by	one											
Sequence	=																		
QAAQSDARSAQGDGRGR	-21.5784695	96	97	98	99	100	101	102	103	104	105	106	GLY	110	GLY	146	GLY	228	
AQARGHSQSDAGDGNQ	-17.000578	97	96	170	171	GLY	168	167	166	165	164	250	GLY	273	GLY	239	241		
AQSDARSAQGDGRGRQ	-21.141348	98	99	100	101	102	103	104	105	106	GLY	110	GLY	146	GLY	228	227		
QSDARSAQGDGRGRQA	-21.743828	99	100	101	102	103	104	105	106	GLY	110	GLY	146	GLY	228	227	226		
SDARSAQGDGRGRQAA	-21.709038	100	101	102	103	104	105	106	GLY	110	GLY	146	GLY	228	227	226	225		
DSQAAQARGHSQSDAGD	-18.078651	101	100	99	98	97	96	170	171	GLY	168	167	166	165	164	250	GLY	273	
ADSQAAQARGHSQSDA	-14.887501	102	101	100	99	98	97	96	170	171	GLY	168	167	166	165	164	250		
RSAQGDGRGRQAARAA	-22.877858	103	104	105	106	GLY	110	GLY	146	GLY	228	227	226	225	224	223	222		
SRADSQAAQARGHSQS	-14.593831	104	103	102	101	100	99	98	97	96	170	171	GLY	168	167	166	165		
AQSRADSQAAQGARHS	-14.593831	105	106	104	103	102	101	100	99	98	97	96	GLY	170	171	168	167		
QASRADSQAAQARGHS	-15.196311	106	105	104	103	102	101	100	99	98	97	96	170	171	GLY	168	167		
DRGRQAARAARGDGAA	-27.174928	110	146	GLY	228	227	226	225	224	223	222	221	GLY	156	GLY	154	153		
VHQAADQGAGDASGAA	-12.642838	114	115	116	117	119	120	121	GLY	123	GLY	139	138	136	GLY	277	276		
HQAADQGAGDASGAAGGD	-17.594318	115	116	117	119	120	121	GLY	123	GLY	139	138	136	GLY	277	276	GLY	GLY	273
QAADQGAGDASGAAGGD	-17.0714465	116	117	119	120	121	GLY	123	GLY	139	138	136	GLY	277	276	GLY	GLY	273	
AQHVGGRRANVDGRGV	-20.9151765	117	116	115	114	GLY	GLY	233	198	199	200	201	202	GLY	204	GLY	206		
ADQAGDAGSGAAGDGA	-15.292655	119	120	121	123	GLY	139	138	GLY	136	GLY	277	276	GLY	273	GLY	250		
DADGDARRRNVGAAGV	-29.973778	120	119	280	GLY	283	284	285	286	287	288	289	GLY	129	128	GLY	130		
QDADGDARRRNVGAAGV	-32.2076095	121	120	119	280	GLY	283	284	285	286	287	288	289	GLY	129	128	GLY	130	
ADAGSGAAGDGAGDNA	-18.984775	123	139	138	GLY	136	GLY	277	276	GLY	273	GLY	250	GLY	248	247	244		
AAVNGDGAGDNAVGQN	-16.1627565	128	129	130	131	GLY	273	GLY	250	GLY	248	247	244	243	GLY	241	239		
AAVNGGDGADNGAVGQ	-15.104525	129	128	130	131	GLY	GLY	273	GLY	250	248	247	GLY	244	243	GLY	241		
VAANGGDGADNGAVQGN	-16.1959665	130	129	128	131	GLY	GLY	273	GLY	250	248	247	GLY	244	243	241	GLY	239	
Next	sequence	does	not	have	enough	residue	that	fulfilled	the	requirement									
NVAAGGDARRRNV	-23.423445	131	130	129	128	GLY	GLY	283	284	285	286	287	288	289					
SDAGAGRANVDRGVRR	-32.289778	136	139	138	GLY	140	GLY	198	199	200	201	202	204	GLY	206	207	208		
ADAGRANVDRGVRRAN	-32.0411295	138	139	140	GLY	198	199	200	201	202	204	GLY	206	207	208	209	210		
DASGAAGGDAGDNGAV	-17.165175	139	138	136	GLY	277	276	GLY	GLY	273	250	GLY	248	247	GLY	244	243		
ADASGAAGGDAGDNGA	-18.984775	140	139	138	136	GLY	277	276	GLY	GLY	273	250	GLY	248	247	GLY	244		
RDSRADSQAAQGARGH	-18.9730695	146	110	104	103	102	101	100	99	98	97	96	GLY	170	171	GLY	168		
RRGDSRADSQAAQGAR	-20.4053395	148	146	GLY	110	104	103	102	101	100	99	98	97	96	GLY	170	171		
ARGRDGSRADSQAAQGA	-20.9594195	150	148	GLY	146	110	GLY	104	103	102	101	100	99	98	97	96	GLY	170	
AAADGQQANVGGDSQA	-13.788318	152	153	154	156	GLY	260	261	262	263	264	GLY	GLY	101	100	99	98		
AADGQQANVGGDSQAA	-13.804488	153	154	156	GLY	260	261	262	263	264	GLY	GLY	101	100	99	98	97		
AAAAGRGRDGSRADSQ	-20.420378	154	153	152	150	GLY	148	GLY	146	110	GLY	104	103	102	101	100	99		
DAAAGAGRGRDGSRAD	-20.4999865	156	154	153	152	GLY	150	GLY	148	GLY	146	110	GLY	104	103	102	101		
DSQSHRAGQAAQSDAR	-14.593831	164	165	166	167	168	171	170	GLY	96	97	98	99	100	101	102	103		
SDQSHGRAQAAQSDAR	-16.304791	165	164	166	167	168	GLY	171	170	96	97	98	99	100	101	102	103		
QSDHSGARGGDSAAGQ	-16.5448265	166	165	164	168	167	GLY	170	171	GLY	GLY	174	192	191	190	GLY	185		
SQSDHGRAGQAAQSDA	-14.3990195	167	166	165	164	168	GLY	171	170	GLY	96	97	98	99	100	101	102		
HSQSDAGDGNQDNGAV	-17.996358	168	167	166	165	164	250	GLY	273	GLY	239	241	248	247	GLY	244	243		
ARHSQSDAGDGNGQDN	-21.801178	170	171	168	167	166	165	164	250	GLY	273	GLY	239	GLY	241	248	247		
RAGQSDGHSGGAQARGR	-12.7808765	171	170	GLY	166	165	164	GLY	168	167	GLY	GLY	97	96	211	212	GLY	207	
DSAAGQRQQDRGHAAV	-21.2411695	174	192	191	190	GLY	185	184	183	182	181	180	GLY	178	177	244	243		
AHDRQQRQRAVGAASGD	-31.643691	177	178	181	180	182	183	184	185	186	187	188	GLY	190	191	192	GLY	174	
HADRGQQRQRAVAASGD	-31.642101	178	177	181	180	GLY	182	183	184	185	186	187	188	190	191	192	GLY	174	
RDQQRQRAVAASGDGGR	-31.7242695	180	181	182	183	184	185	186	187	188	190	191	192	GLY	174	GLY	GLY	207	
DRQQRQRAVGAASDGGR	-31.1701895	181	180	182	183	184	185	186	187	188	GLY	190	191	192	174	GLY	GLY	207	
QDRSAAGQRQGRAVGGD	-30.647318	182	181	180	192	191	190	GLY	185	184	183	GLY	186	187	188	GLY	GLY	202	
QRQRAVAASGDGGRRA	-31.150438	183	184	185	186	187	188	190	191	192	GLY	174	GLY	GLY	207	208	209		
RQRAVAASGDGGRRAN	-26.130248	184	185	186	187	188	190	191	192	GLY	174	GLY	GLY	207	208	209	210		
QRQQDRSAAGVARGRA	-31.2185895	185	184	183	182	181	180	192	191	190	GLY	188	187	186	GLY	198	199		
RAVQRQQDRGSAAGGD	-25.745208	186	187	188	185	184	183	182	181	180	GLY	192	191	190	GLY	GLY	174		
ARQRQQDRSAAGVGDV	-30.4835395	187	186	185	184	183	182	181	180	192	191	190	GLY	188	GLY	202	201		
VARQRQQDRSAAGGDGGR	-36.1564695	188	187	186	185	184	183	182	181	180	192	191	190	GLY	GLY	174	GLY	GLY	207
AASDGGRRANARGRAGGQ	-25.609198	190	191	192	174	GLY	GLY	207	208	209	210	211	212	GLY	171	170	GLY	GLY	166
ASDGGRRANARGRAGGQ	-25.1372865	191	192	174	GLY	GLY	207	208	209	210	211	212	GLY	171	170	GLY	GLY	166	
SAAGQRQQDRHAGAVQ	-21.2411695	192	191	190	GLY	185	184	183	182	181	180	178	177	GLY	244	243	241		
RANVDRGVRRANARGGD	-31.4177695	198	199	200	201	202	204	GLY	206	207	208	209	210	211	212	GLY	GLY	174	
ARRGADASGAAGGDGA	-19.312625	199	198	233	GLY	140	139	138	136	GLY	277	276	GLY	GLY	273	GLY	250		
NARRGADASGAAGGDGA	-20.4379765	200	199	198	233	GLY	140	139	138	136	GLY	277	276	GLY	GLY	273	GLY	250	
VDRGVRRANARGGDSA	-30.443708	201	202	204	GLY	206	207	208	209	210	211	212	GLY	GLY	174	192	191		
DVNARRGADASGAAGGD	-20.809558	202	201	200	199	198	233	GLY	140	139	138	136	GLY	277	276	GLY	GLY	273	
RDVNARGRADAGSGAA	-20.809558	204	202	201	200	199	198	GLY	233	140	139	138	GLY	136	GLY	277	276		
VRRANARGDGSAAGQR	-26.128888	206	207	208	209	210	211	212	GLY	174	GLY	192	191	190	GLY	185	184		
RRANARGDGSAAGQRQ	-21.226778	207	208	209	210	211	212	GLY	174	GLY	192	191	190	GLY	185	184	183		
RRVRGDVNARGRADAGS	-29.2934395	208	207	206	204	GLY	202	201	200	199	198	GLY	233	140	139	138	GLY	136	
ARRVRGDVNARGRADA	-34.1955495	209	208	207	206	204	GLY	202	201	200	199	198	GLY	233	140	139	138		
NARRRAGVGRGDVNAR	-30.458898	210	211	212	207	208	209	GLY	206	GLY	204	GLY	202	201	200	199	198		
ARRRANGQAAQSDARS	-20.480441	211	212	207	208	209	210	GLY	96	97	98	99	100	101	102	103	104		
RANARRVRGDVNARGR	-31.7130695	212	211	210	209	208	207	206	204	GLY	202	201	200	199	198	GLY	233		
RAARAAQRRGDSRADS	-26.398411	221	222	223	224	225	226	227	228	146	GLY	110	104	103	102	101	100		
ARARAAQRGRDGSRAD	-30.2745295	222	221	223	224	225	226	227	228	GLY	146	110	GLY	104	103	102	101		
ARAAQRRGDSRADSQA	-26.449371	223	224	225	226	227	228	146	GLY	110	104	103	102	101	100	99	98		
RAAQRRGDSRADSQAA	-22.066551	224	225	226	227	228	146	GLY	110	104	103	102	101	100	99	98	97		
Next	sequence	does	not	have	enough	residue	that	fulfilled	the	requirement									
ARAARGGRQA	-17.7588305	225	224	223	222	221	GLY	GLY	228	227	226								
AQRRAGAARGDGAAAGA	-25.122018	226	227	228	224	225	GLY	223	222	221	GLY	156	GLY	154	153	152	GLY	150	
QRRAAGGAARGDAAAGA	-25.724498	227	228	224	225	226	GLY	GLY	223	222	221	GLY	156	154	153	152	GLY	150	
RQAARAARGDAAAGAGR	-26.2473695	228	227	226	225	224	223	222	221	GLY	156	154	153	152	GLY	150	GLY	148	
ARGRANVDRGVRRANA	-31.7130695	231	233	GLY	198	199	200	201	202	204	GLY	206	207	208	209	210	211		
RRANVDGRGVRRANAR	-30.8636895	233	198	199	200	201	202	GLY	204	GLY	206	207	208	209	210	211	212		
NDGAGDNAVGQGGAAD	-21.464805	239	273	GLY	250	GLY	248	247	244	243	GLY	241	GLY	GLY	276	277	280		
QDNAVGGHADRGQQRQ	-25.604248	241	248	247	244	243	GLY	GLY	178	177	181	180	GLY	182	183	184	185		
VAAHGDRQQRQRAVGA	-26.8211895	243	244	177	178	GLY	181	180	182	183	184	185	186	187	188	GLY	190		
AVQDNGGDGAGDSQSH	-16.9397165	244	243	241	248	247	GLY	GLY	273	GLY	250	GLY	164	165	166	167	168		
NDQVAGAHGDRQQRQR	-31.1473095	247	248	241	243	244	GLY	177	178	GLY	181	180	182	183	184	185	186		
DNAVGQNGDGADSQSH	-13.044878	248	247	244	243	GLY	241	239	GLY	273	GLY	250	164	165	166	167	168		
ADGNGQDNAVGGHADR	-24.9632965	250	273	GLY	239	GLY	241	248	247	244	243	GLY	GLY	178	177	181	180		
QQANVGDGAAAGARGR	-17.8229265	260	261	262	263	264	GLY	156	GLY	154	153	152	GLY	150	148	GLY	146		
QANVGDGAAAGARGRGD	-22.7250365	261	262	263	264	GLY	156	GLY	154	153	152	GLY	150	148	GLY	146	GLY	110	
AQQDGAAAGARGRGDS	-22.3248065	262	261	260	156	GLY	154	153	152	GLY	150	148	GLY	146	GLY	110	104		
NAQQDGAAAGARGRGD	-22.9272865	263	262	261	260	156	GLY	154	153	152	GLY	150	148	GLY	146	GLY	110		
VNAQQDGAAAGARGRGD	-23.332078	264	263	262	261	260	156	GLY	154	153	152	GLY	150	148	GLY	146	GLY	110	
DAGDNAVGQNGGSDAGA	-13.1572865	273	250	GLY	248	247	244	243	GLY	241	239	GLY	GLY	136	139	138	GLY	140	
AADDARRRNVGGAAVN	-30.3785695	276	277	280	283	284	285	286	287	288	289	GLY	GLY	129	128	130	131		
AASDAGAGRANVDGRGV	-23.088038	277	276	136	139	138	GLY	140	GLY	198	199	200	201	202	GLY	204	GLY	206	
DDARRRNVGAAGVNGGD	-29.253218	280	283	284	285	286	287	288	289	GLY	129	128	GLY	130	131	GLY	GLY	273	
DARRRNVGAAVNGGDGA	-24.300148	283	284	285	286	287	288	289	GLY	129	128	130	131	GLY	GLY	273	GLY	250	
ADDGDAAQHVGGRGRA	-24.6715965	284	283	280	GLY	120	119	117	116	115	114	GLY	GLY	233	GLY	198	199		
RRRNVGDAGDGDAAQH	-27.422468	285	286	287	288	289	GLY	283	284	GLY	280	GLY	120	119	117	116	115		
RRNVGRADDGDAAQHV	-27.8611695	286	287	288	289	GLY	285	284	283	280	GLY	120	119	117	116	115	114		
RRRADDGDAAQHVGGR	-28.923448	287	286	285	284	283	280	GLY	120	119	117	116	115	114	GLY	GLY	233		
NRRRADDGDAAQHVGGR	-33.7943495	288	287	286	285	284	283	280	GLY	120	119	117	116	115	114	GLY	GLY	233	
VNRRRADDGDAAQHVGGR	-34.199141	289	288	287	286	285	284	283	280	GLY	120	119	117	116	115	114	GLY	GLY	233
