Analyzed structure = PCA_-5_-1
Energy matrix = KK new potential one by one
Sequence =
QAQSDARSAQRGRQAGA -17.182660999999996 96 97 99 100 101 102 103 104 105 106 107 GLY 148 149 150 GLY 222 
AQGRAGGQSDAGDGNQ -16.004205 97 96 GLY 171 170 GLY GLY 166 165 164 250 GLY 273 GLY 239 241 
QSDARSAQRRQAGARGA -21.514521 99 100 101 102 103 104 105 106 107 148 149 150 GLY 222 221 GLY 223 
SDARSAQRRQAGARGA -20.991649499999998 100 101 102 103 104 105 106 107 148 149 150 GLY 222 221 GLY 223 
DSQAQGGRAGQSDGAGD -16.610366500000005 101 100 99 97 96 GLY GLY 171 170 GLY 166 165 164 GLY 250 GLY 273 
ADSQAQGGRAGQSDGA -13.419216500000001 102 101 100 99 97 96 GLY GLY 171 170 GLY 166 165 164 GLY 250 
RSAQRRQAGARGARAA -22.8300795 103 104 105 106 107 148 149 150 GLY 222 221 GLY 223 224 225 226 
SRADSQAQGGRAGQSD -15.359378 104 103 102 101 100 99 97 96 GLY GLY 171 170 GLY 166 165 164 
AQRRQAGARGARAAQR -27.129709499999997 105 106 107 148 149 150 GLY 222 221 GLY 223 224 225 226 227 228 
QRRQAGARGARAAQRGR -29.795929499999996 106 107 148 149 150 GLY 222 221 GLY 223 224 225 226 227 228 GLY 146 
RQASRADSQAQGGRAGQ -14.7737695 107 106 105 104 103 102 101 100 99 97 96 GLY GLY 171 170 GLY 166 
DRGRQARQAGSRADSQ -19.411759500000002 110 146 GLY 148 149 150 107 106 105 GLY 104 103 102 101 100 99 
VQAAADQGADRGDARR -33.6849795 114 116 117 118 119 120 121 GLY 279 280 281 GLY 283 284 285 286 
QAAADQADRGDARRRN -38.43780099999999 116 117 118 119 120 121 279 280 281 GLY 283 284 285 286 287 288 
AQADQGADRGDARRRN -37.3290195 117 116 119 120 121 GLY 279 280 281 GLY 283 284 285 286 287 288 
AADQADRGDARRRNVGA -38.370200999999994 118 119 120 121 279 280 281 GLY 283 284 285 286 287 288 289 GLY 129 
ADQADRGDARRRNVGA -37.2448495 119 120 121 279 280 281 GLY 283 284 285 286 287 288 289 GLY 129 
DAAAQAGDAVGAAGRD -20.047998 120 119 118 117 116 123 GLY 139 138 137 GLY 276 277 GLY 281 280 
QDAAAQAGDAVGAAGR -16.856848 121 120 119 118 117 116 123 GLY 139 138 137 GLY 276 277 GLY 281 
ADAVGAAGRDAGDARR -33.060258 123 139 138 137 GLY 276 277 GLY 281 280 279 GLY 283 284 285 286 
AAVNGDGAGDNGAVQGN -16.1627565 128 129 130 131 GLY 273 GLY 250 GLY 248 247 GLY 244 243 241 GLY 239 
AAVNGGDGAGDNAVGQ -15.104525000000002 129 128 130 131 GLY GLY 273 GLY 250 GLY 248 247 244 243 GLY 241 
VAANGGDGADNGAVGQ -15.791174999999999 130 129 128 131 GLY GLY 273 GLY 250 248 247 GLY 244 243 GLY 241 
NVAAGRRNVGGDARGR -28.848426499999995 131 130 129 128 GLY 286 287 288 289 GLY GLY 283 284 285 GLY 281 
VADARANVDGRGVRGD -32.289778 137 138 139 140 198 199 200 201 202 GLY 204 GLY 206 207 GLY 209 
ADARANVDGRGVRGDN -31.569218 138 139 140 198 199 200 201 202 GLY 204 GLY 206 207 GLY 209 210 
DAVAAGRDAGDARRRN -36.1021195 139 138 137 276 277 GLY 281 280 279 GLY 283 284 285 286 287 288 
ADAVAAGRDAGDARRR -37.93115949999999 140 139 138 137 276 277 GLY 281 280 279 GLY 283 284 285 286 287 
RRQAGRQASRADSQGA -16.710749500000002 146 148 149 150 GLY 107 106 105 104 103 102 101 100 99 GLY 97 
RQARQASRADSQGAQGGR -16.679541 148 149 150 107 106 105 104 103 102 101 100 99 GLY 97 96 GLY GLY 171 
QRRGDSRADSQGAQGGR -26.135428 149 148 146 GLY 110 104 103 102 101 100 99 GLY 97 96 GLY GLY 171 
AQRRGDSRADSQGAQGGR -26.658299500000002 150 149 148 146 GLY 110 104 103 102 101 100 99 GLY 97 96 GLY GLY 171 
AAADGQQANVGGRQAS -14.113698000000003 152 153 154 156 GLY 260 261 262 263 264 GLY GLY 107 106 105 104 
AADGQQANVGGRQASR -15.547558000000002 153 154 156 GLY 260 261 262 263 264 GLY GLY 107 106 105 104 103 
AAAAQRGRGDSRADSQ -22.226569500000004 154 153 152 150 149 148 GLY 146 GLY 110 104 103 102 101 100 99 
DAAAGAQRGRDGSRAD -22.306178000000003 156 154 153 152 GLY 150 149 148 GLY 146 110 GLY 104 103 102 101 
DSQSARAGDGAVGDNQ -20.751108000000002 164 165 166 167 170 171 172 GLY 174 GLY 244 243 GLY 248 247 241 
SDQSGARAGDGAVGDN -21.9391965 165 164 166 167 GLY 170 171 172 GLY 174 GLY 244 243 GLY 248 247 
QSDAGDGNQGDNAVGA -17.4225265 166 165 164 250 GLY 273 GLY 239 241 GLY 248 247 244 243 GLY 177 
SQSDAGDGNQGDNAVGGA -17.945398 167 166 165 164 250 GLY 273 GLY 239 241 GLY 248 247 244 243 GLY GLY 177 
ARADGAVGDNQGNGDGA -24.977876500000004 170 171 172 174 GLY 244 243 GLY 248 247 241 GLY 239 GLY 273 GLY 250 
RAGQSDAGDGNQGDNA -17.5655565 171 170 GLY 166 165 164 250 GLY 273 GLY 239 241 GLY 248 247 244 
ARAGQSDAGDGNQGDN -21.3111065 172 171 170 GLY 166 165 164 250 GLY 273 GLY 239 241 GLY 248 247 
DAVGDNGQNGDGAGDS -16.950615000000003 174 244 243 GLY 248 247 GLY 241 239 GLY 273 GLY 250 GLY 164 165 
ADRGQRQRAVGAASGD -30.647318000000006 177 181 180 GLY 183 184 185 186 187 188 GLY 190 191 192 GLY 174 
RDAQRQRAVAASGDGA -27.390389500000005 180 181 182 183 184 185 186 187 188 190 191 192 GLY 174 GLY 244 
DRGQRQRAVAASGDGA -26.347688000000005 181 180 GLY 183 184 185 186 187 188 190 191 192 GLY 174 GLY 244 
ADRGQRQRAVAASGDGA -31.772669500000006 182 181 180 GLY 183 184 185 186 187 188 190 191 192 GLY 174 GLY 244 
QRQRAVAASGDGAVGD -26.793128000000003 183 184 185 186 187 188 190 191 192 GLY 174 GLY 244 243 GLY 248 
RQRAVAASGDGAVGDN -21.772938000000003 184 185 186 187 188 190 191 192 GLY 174 GLY 244 243 GLY 248 247 
QRAVAASGDGAVGDNGQ -21.772938000000003 185 186 187 188 190 191 192 GLY 174 GLY 244 243 GLY 248 247 GLY 241 
RAVGQRQADRSAAGGD -25.710958000000005 186 187 188 GLY 185 184 183 182 181 180 192 191 190 GLY GLY 174 
ARQRQADRSAAGVGGD -30.010588 187 186 185 184 183 182 181 180 192 191 190 GLY 188 GLY GLY 202 
VARQRQADRSAAGGDGA -31.8225895 188 187 186 185 184 183 182 181 180 192 191 190 GLY GLY 174 GLY 244 
AASDGAVGDNGQNGDGA -20.6136765 190 191 192 174 GLY 244 243 GLY 248 247 GLY 241 239 GLY 273 GLY 250 
ASDGAVGDNGQNGDGA -20.141765 191 192 174 GLY 244 243 GLY 248 247 GLY 241 239 GLY 273 GLY 250 
SAAARQRQADRGAGAV -26.7608795 192 191 190 187 186 185 184 183 182 181 180 GLY 177 GLY 244 243 
RANVDRGVRGDNRGGQ -25.537446500000005 198 199 200 201 202 204 GLY 206 207 GLY 209 210 212 GLY GLY 96 
ARGRAVGQRQADRSAA -30.581859500000004 199 198 GLY 186 187 188 GLY 185 184 183 182 181 180 192 191 190 
NARGRAVGQRQADRSA -31.235299500000004 200 199 198 GLY 186 187 188 GLY 185 184 183 182 181 180 192 191 
VDRGVRGDNRGGQAGQ -24.579555000000003 201 202 204 GLY 206 207 GLY 209 210 212 GLY GLY 96 97 GLY 99 
DVNARGRAVGQRQADR -31.084009500000004 202 201 200 199 198 GLY 186 187 188 GLY 185 184 183 182 181 180 
RDVNARGRAVGGQRQA -26.213108000000005 204 202 201 200 199 198 GLY 186 187 188 GLY GLY 185 184 183 182 
VRDNGRGGQAQSDARS -19.536618 206 207 209 210 GLY 212 GLY GLY 96 97 99 100 101 102 103 104 
RVGDNRGGQAGQSDAR -14.0274665 207 206 GLY 209 210 212 GLY GLY 96 97 GLY 99 100 101 102 103 
DNRRVGRGDVNARGRA -31.010827999999997 209 210 212 207 206 GLY 204 GLY 202 201 200 199 198 GLY 186 187 
NDRVGRGDVNARGRAV -35.413328 210 209 207 206 GLY 204 GLY 202 201 200 199 198 GLY 186 187 188 
RDNGRVGRGDVNARGR -34.2540665 212 209 210 GLY 207 206 GLY 204 GLY 202 201 200 199 198 GLY 186 
ADAAAGAQRGRDGSRA -25.497328000000003 219 156 154 153 152 GLY 150 149 148 GLY 146 110 GLY 104 103 102 
RAARAAQRGRGRQAGR -24.925027999999998 221 222 223 224 225 226 227 228 GLY 146 GLY 148 149 150 GLY 107 
ARARAAQRGGRGRQAR -29.324017999999995 222 221 223 224 225 226 227 228 GLY GLY 146 GLY 148 149 150 107 
ARAAQRGRGRQAGRQA -25.629427999999997 223 224 225 226 227 228 GLY 146 GLY 148 149 150 GLY 107 106 105 
RAAQRAARGADGAAAGA -21.8483795 224 225 226 227 228 223 222 221 GLY 219 156 GLY 154 153 152 GLY 150 
ARAARADGAAAGAQRGR -28.2949395 225 224 223 222 221 219 156 GLY 154 153 152 GLY 150 149 148 GLY 146 
AQRARAGGARGADGAA -24.6157165 226 227 228 223 224 225 GLY GLY 222 221 GLY 219 156 GLY 154 153 
QRAARAARGADGAAAGA -26.1964095 227 228 226 225 224 223 222 221 GLY 219 156 GLY 154 153 152 GLY 150 
RQAARAARADGAAAGA -21.2942995 228 227 226 225 224 223 222 221 219 156 GLY 154 153 152 GLY 150 
NGDAGDNGAVGQGAGA -15.4030935 239 GLY 273 250 GLY 248 247 GLY 244 243 GLY 241 GLY 276 GLY 277 
QDNAVGGADRGQRQRA -31.158208000000002 241 248 247 244 243 GLY GLY 177 181 180 GLY 183 184 185 186 187 
VADGSAAGARQRQADR -31.822589500000003 243 244 174 GLY 192 191 190 GLY 187 186 185 184 183 182 181 180 
AVDGNQNGDGAGDSQS -16.871006500000004 244 243 248 GLY 247 241 239 GLY 273 GLY 250 GLY 164 165 166 167 
NDQVAGDGSAAGARQR -26.877298000000003 247 248 241 243 244 GLY 174 GLY 192 191 190 GLY 187 186 185 184 
DNAVGQNGDGAGDSQS -12.571376500000003 248 247 244 243 GLY 241 239 GLY 273 GLY 250 GLY 164 165 166 167 
ADGNGQDNGAVGAGDR -24.489794999999997 250 273 GLY 239 GLY 241 248 247 GLY 244 243 GLY 177 GLY 181 180 
QQANVGDGAAAGAQRGR -19.629118000000002 260 261 262 263 264 GLY 156 GLY 154 153 152 GLY 150 149 148 GLY 146 
QANVGDGAAAGAQRGR -19.1062465 261 262 263 264 GLY 156 GLY 154 153 152 GLY 150 149 148 GLY 146 
AQQGDAAAGAQRGRDGS -24.130998000000005 262 261 260 GLY 156 154 153 152 GLY 150 149 148 GLY 146 110 GLY 104 
NAQQGDAAAGAQRGRD -24.733477999999998 263 262 261 260 GLY 156 154 153 152 GLY 150 149 148 GLY 146 110 
VNAQQGDAAAGAQRGR -19.713288000000002 264 263 262 261 260 GLY 156 154 153 152 GLY 150 149 148 GLY 146 
DAGDNGAVGQNGVADA -13.073116500000001 273 250 GLY 248 247 GLY 244 243 GLY 241 239 GLY 137 138 139 140 
AARDAGDARRRNVGAA -35.44867949999999 276 277 281 280 279 GLY 283 284 285 286 287 288 289 GLY 129 128 
AAVADAGRANVDGRGV -23.003867999999997 277 276 137 138 139 140 GLY 198 199 200 201 202 GLY 204 GLY 206 
ADRDARRRNVGAAGVN -34.67819949999999 279 280 281 283 284 285 286 287 288 289 GLY 129 128 GLY 130 131 
DRDARRRNVGAAGVNGGD -34.6781995 280 281 283 284 285 286 287 288 289 GLY 129 128 GLY 130 131 GLY GLY 273 
RDADARRRNVGAAGVN -30.378569499999998 281 280 279 283 284 285 286 287 288 289 GLY 129 128 GLY 130 131 
DARRRNVGAAVNGGDGA -24.300147999999997 283 284 285 286 287 288 289 GLY 129 128 130 131 GLY GLY 273 GLY 250 
ADRDAGQDAAAQAGDA -27.3023595 284 283 281 280 279 GLY 121 120 119 118 117 116 123 GLY 139 138 
RRRNVGAAVNGGDGAGD -24.3479265 285 286 287 288 289 GLY 129 128 130 131 GLY GLY 273 GLY 250 GLY 248 
RRNVGAAVNGGDGAGD -19.477024999999998 286 287 288 289 GLY 129 128 130 131 GLY GLY 273 GLY 250 GLY 248 
RRRADRDAGQDAAAQGA -34.191281 287 286 285 284 283 281 280 279 GLY 121 120 119 118 117 116 GLY 123 
NRRRADRDAGQDAAAQ -38.555881 288 287 286 285 284 283 281 280 279 GLY 121 120 119 118 117 116 
VNRRRADRDAGQDAAA -38.437801 289 288 287 286 285 284 283 281 280 279 GLY 121 120 119 118 117 
