Analyzed structure = 2ocj
Energy Matrix = MJ new potential one by all
Sequence =
SPPPEEEEPDDGRGPP -19.7075 96 97 98 99 100 101 102 103 104 105 106 GLY 148 GLY 146 228 
PPPEEEEPDDGRGPPK -21.2725 97 98 99 100 101 102 103 104 105 106 GLY 148 GLY 146 228 227 
PPEEEEPDDGRGPPKS -21.4025 98 99 100 101 102 103 104 105 106 GLY 148 GLY 146 228 227 226 
PEEEEPDDGRGPPKSK -21.47 99 100 101 102 103 104 105 106 GLY 148 GLY 146 228 227 226 225 
EEEEPDDGRGPPKSKP -20.8225 100 101 102 103 104 105 106 GLY 148 GLY 146 228 227 226 225 224 
EEPPPSKRRRRRGKGP -21.872500000000006 101 100 99 98 97 96 211 210 209 208 207 206 GLY 204 GLY 202 
EEEPPPSKRRRRRGKGP -24.795000000000005 102 101 100 99 98 97 96 211 210 209 208 207 206 GLY 204 GLY 202 
EEEEPPPSKRRRRRGK -25.695 103 102 101 100 99 98 97 96 211 210 209 208 207 206 GLY 204 
PDDGEEEEPPPSGKRR -22.319999999999997 104 105 106 GLY 103 102 101 100 99 98 97 96 GLY 211 210 209 
DDPEEEEPPPSGKRRR -24.769999999999996 105 106 104 103 102 101 100 99 98 97 96 GLY 211 210 209 208 
DDPEEEEPPPSKRRRR -28.052499999999995 106 105 104 103 102 101 100 99 98 97 96 211 210 209 208 207 
PPGRPGPPPKSKPGGP -14.87500000000001 110 146 GLY 148 150 GLY 222 223 224 225 226 227 228 GLY GLY 221 
HHSDEEEGEGEPRGKR -19.01 114 115 116 117 119 120 121 GLY 123 GLY 139 140 233 GLY 199 198 
HHSDGEEEEGEPGRGK -17.555000000000003 115 114 116 117 GLY 119 120 121 123 GLY 139 140 GLY 233 GLY 199 
SDEEEGEGEPRGKRGP -18.285 116 117 119 120 121 GLY 123 GLY 139 140 233 GLY 199 198 GLY 200 
DSHHGGRGKRPPPGKGR -14.700000000000005 117 116 115 114 GLY GLY 233 GLY 199 198 200 201 202 GLY 204 GLY 206 
EEEEGEPGRKRGPPPGK -18.567500000000006 119 120 121 123 GLY 139 140 GLY 233 199 198 GLY 200 201 202 GLY 204 
EEEGEEPGRGKRPPPGK -18.567500000000006 120 119 121 GLY 123 139 140 GLY 233 GLY 199 198 200 201 202 GLY 204 
EEEDSHHGGRGKRGPP -15.215000000000002 121 120 119 117 116 115 114 GLY GLY 233 GLY 199 198 GLY 200 201 
EEPGRGKRPPPGKGRR -17.397500000000004 123 139 140 GLY 233 GLY 199 198 200 201 202 GLY 204 GLY 206 207 
PPQQGKKKKGKRPGPGE -26.27500000000001 128 129 130 131 GLY 286 287 288 289 GLY 285 284 283 GLY 280 GLY 119 
PQQPGKKKKGKRPGPGE -25.850000000000005 129 130 131 128 GLY 286 287 288 289 GLY 285 284 283 GLY 280 GLY 119 
QPPQGGKKKKGKRPPGE -26.00250000000001 130 129 128 131 GLY GLY 286 287 288 289 GLY 285 284 283 280 GLY 119 
QQPPGKKKKGKRPGPE -26.19500000000001 131 130 129 128 GLY 286 287 288 289 GLY 285 284 283 GLY 280 119 
EEPRGKRGPPPGKRRR -20.862500000000004 136 139 140 233 GLY 199 198 GLY 200 201 202 GLY 204 206 207 208 
EEPRGKRPPPGKGRRR -20.862500000000004 138 139 140 233 GLY 199 198 200 201 202 GLY 204 GLY 206 207 208 
EPRGKRPPPGKGRRRR -20.327500000000004 139 140 233 GLY 199 198 200 201 202 GLY 204 GLY 206 207 208 209 
PEEEGEEEEGDSHHGGR -17.7275 140 139 138 136 GLY 123 121 120 119 GLY 117 116 115 114 GLY GLY 233 
PRGPGPPPKSKPGGPGP -15.15500000000001 146 148 GLY 150 GLY 222 223 224 225 226 227 228 GLY GLY 110 GLY 104 
RPGPKSKPPPPGPPGD -17.25000000000001 148 146 GLY 228 227 226 225 224 223 222 221 GLY 153 154 GLY 260 
PPPPKSKPGPGRGGDD -16.45000000000001 150 222 223 224 225 226 227 228 GLY 146 GLY 148 GLY GLY 105 106 
PPPDDDNQGGEEPPPS -20.435000000000002 152 153 154 260 261 262 263 264 GLY GLY 101 100 99 98 97 96 
PPDDDNQGGEEPPPSGK -21.2475 153 154 260 261 262 263 264 GLY GLY 101 100 99 98 97 96 GLY 211 
PPPPGPPPKSKPGPGR -16.412500000000012 154 153 152 150 GLY 222 223 224 225 226 227 228 GLY 146 GLY 148 
PDDDNQGGEEPPPSGK -19.970000000000002 156 260 261 262 263 264 GLY GLY 101 100 99 98 97 96 GLY 211 
PPKRKRKPPPEEEEPD -27.42 164 165 166 167 168 171 170 97 98 99 100 101 102 103 104 105 
PKRKRKPPPEEEEPDD -26.4325 165 166 167 168 171 170 97 98 99 100 101 102 103 104 105 106 
KPPKRGKRGGKRRRRR -25.077500000000004 166 165 164 168 167 GLY 170 171 GLY GLY 211 210 209 208 207 206 
RKPKGKRGGKRRRRRGK -25.070000000000004 167 168 165 166 GLY 170 171 GLY GLY 211 210 209 208 207 206 GLY 204 
KRKPPPGDPDDGEGEP -18.2875 168 167 166 165 164 250 GLY 248 247 241 239 GLY 136 GLY 139 140 
KRKRKPPPGDPDGDGE -19.52500000000001 170 171 168 167 166 165 164 250 GLY 248 247 241 GLY 239 GLY 136 
RKKRKPPPGDPDGDGE -19.282500000000006 171 170 168 167 166 165 164 250 GLY 248 247 241 GLY 239 GLY 136 
PPPPGKHHRRPGPPQG -21.467500000000015 174 192 191 190 GLY 185 184 183 182 181 180 GLY 178 177 244 243 
PPPRRHHKRRRGPPPP -24.310000000000013 177 178 180 181 182 183 184 185 186 187 188 GLY 190 191 192 174 
PPPRRHHKRRRGPPPP -24.280000000000012 178 177 180 181 182 183 184 185 186 187 188 GLY 190 191 192 174 
PRRHHKRRRPPPGPGGR -23.49750000000001 180 181 182 183 184 185 186 187 188 190 191 192 GLY 174 GLY GLY 207 
RPPPPGKHHRPPGQGGD -21.567500000000013 181 180 192 191 190 GLY 185 184 183 182 178 177 GLY 244 243 GLY 241 
RHHKRRRPPPGPRPPGQ -23.90750000000001 182 183 184 185 186 187 188 190 191 192 GLY 180 181 178 177 GLY 244 
HHKRRRPPPGPRRPPGQ -24.272500000000015 183 184 185 186 187 188 190 191 192 GLY 180 181 182 178 177 GLY 244 
HKRRRPPPGPRRHGPP -22.572500000000016 184 185 186 187 188 190 191 192 GLY 180 181 182 183 GLY 178 177 
KHHRRPPPPGRRRGKR -23.322500000000012 185 184 183 182 181 180 192 191 190 GLY 188 187 186 GLY 199 198 
RKHHRRPPPPGRRGGR -22.235000000000014 186 185 184 183 182 181 180 192 191 190 GLY 188 187 GLY GLY 198 
RRKHHRRPPPPGRGGK -22.655000000000012 187 186 185 184 183 182 181 180 192 191 190 GLY 188 GLY GLY 199 
RRRKHHRRPPPPGRRR -28.510000000000012 188 187 186 185 184 183 182 181 180 192 191 190 GLY 207 208 209 
PPPPRRHHKRRRGGKR -25.04500000000001 190 191 192 180 181 182 183 184 185 186 187 188 GLY GLY 199 198 
PPPRRHHKRRRGPGRR -26.45000000000001 191 192 180 181 182 183 184 185 186 187 188 GLY 190 GLY 207 208 
PPPGKHHRRPPPGQGD -20.752500000000015 192 191 190 GLY 185 184 183 182 181 180 178 177 GLY 244 243 241 
RKPPPKGRRRRRKRGGP -23.375000000000004 198 199 200 201 202 204 GLY 206 207 208 209 210 211 212 GLY GLY 192 
KRRGPEEEGEEEEGDS -18.590000000000003 199 198 233 GLY 140 139 138 136 GLY 123 121 120 119 GLY 117 116 
PKRRGPEEEGEEEEGD -19.800000000000004 200 199 198 233 GLY 140 139 138 136 GLY 123 121 120 119 GLY 117 
PPKRRGPEEEGEEEEGD -21.027500000000003 201 200 199 198 233 GLY 140 139 138 136 GLY 123 121 120 119 GLY 117 
PPPKRRGPEEEGEEEE -20.45750000000001 202 201 200 199 198 233 GLY 140 139 138 136 GLY 123 121 120 119 
KRRRRRKRGGPPPGKH -25.17250000000001 204 206 207 208 209 210 211 212 GLY GLY 192 191 190 GLY 185 184 
RRRRRKRGGPPPGKHH -25.55500000000001 206 207 208 209 210 211 212 GLY GLY 192 191 190 GLY 185 184 183 
RRRRKRGGPPPGKHHR -25.090000000000014 207 208 209 210 211 212 GLY GLY 192 191 190 GLY 185 184 183 182 
RRRKGPPPKRGRPEEGE -20.140000000000004 208 207 206 204 GLY 202 201 200 199 198 GLY 233 140 139 138 GLY 136 
RRRRKGPPPKRGRPEE -21.727500000000006 209 208 207 206 204 GLY 202 201 200 199 198 GLY 233 140 139 138 
RKRRRRKGPPPKRGRP -22.157500000000002 210 211 212 208 207 206 204 GLY 202 201 200 199 198 GLY 233 140 
KRRRRRKGPPPKRGRP -22.597500000000007 211 210 209 208 207 206 204 GLY 202 201 200 199 198 GLY 233 140 
RKRRRRRKGPPPKRGR -23.660000000000004 212 211 210 209 208 207 206 204 GLY 202 201 200 199 198 GLY 233 
PPPPKSKPPGRGPGPP -16.412500000000016 221 222 223 224 225 226 227 228 146 GLY 148 GLY 150 GLY 152 153 
PPPKSKPPGRGPGPPP -16.16000000000001 222 223 224 225 226 227 228 146 GLY 148 GLY 150 GLY 152 153 154 
PPPGGKSKPGPPGRGP -13.09250000000001 223 222 221 GLY GLY 227 226 225 224 GLY 228 146 GLY 148 GLY 150 
PPPPGGKSKGPGPGRP -13.595000000000011 224 223 222 221 GLY GLY 227 226 225 GLY 228 GLY 146 GLY 148 150 
KPPPPGGKSPGPGRGP -13.247500000000011 225 224 223 222 221 GLY GLY 227 226 228 GLY 146 GLY 148 GLY 150 
SKPPPPGGKPGGPGRGP -13.717500000000012 226 227 228 223 222 221 GLY GLY 225 224 GLY GLY 150 GLY 148 GLY 146 
KSKPPPPGPPDDDNQGGE -22.33000000000001 227 226 225 224 223 222 221 GLY 153 154 260 261 262 263 264 GLY GLY 101 
PKSKPPPPGPPDDDNQ -22.00000000000001 228 227 226 225 224 223 222 221 GLY 153 154 260 261 262 263 264 
SRGKRGPPPKGRRRRR -21.500000000000007 231 233 GLY 199 198 GLY 200 201 202 204 GLY 206 207 208 209 210 
RKRGPPPGKRRRRRKR -23.250000000000004 233 199 198 GLY 200 201 202 GLY 204 206 207 208 209 210 211 212 
DGEEPRGKRGPPPGKR -16.867500000000007 239 GLY 136 139 140 233 GLY 199 198 GLY 200 201 202 GLY 204 206 
DDGEEPGRGKRPPPGK -17.1475 241 239 GLY 136 139 140 GLY 233 GLY 199 198 200 201 202 GLY 204 
GQPDDGDGEEPGRGKR -18.175 243 244 247 248 241 GLY 239 GLY 136 139 140 GLY 233 GLY 199 198 
QGDGDGEEPGRKRGPP -17.040000000000003 244 243 241 GLY 239 GLY 136 139 140 GLY 233 199 198 GLY 200 201 
PDDDGEGEPRGKRGPP -17.462500000000002 247 248 241 239 GLY 136 GLY 139 140 233 GLY 199 198 GLY 200 201 
DPDDGEGEPRGKRGPP -17.382500000000004 248 247 241 239 GLY 136 GLY 139 140 233 GLY 199 198 GLY 200 201 
PPKRKGRKPPPEEEEP -25.430000000000003 250 165 166 167 168 GLY 171 170 97 98 99 100 101 102 103 104 
DDDNQGGEEPPPSKRR -22.340000000000003 260 261 262 263 264 GLY GLY 101 100 99 98 97 96 211 210 209 
DDNQGGEEPPPSKRRR -23.215000000000003 261 262 263 264 GLY GLY 101 100 99 98 97 96 211 210 209 208 
DDDNGQGGEEPPPSKR -20.3325 262 261 260 263 GLY 264 GLY GLY 101 100 99 98 97 96 211 210 
NDDDGPPPGPGPPPKS -18.01750000000001 263 262 261 260 GLY 153 154 152 GLY 150 GLY 222 223 224 225 226 
QNDDDGPPPGPGPPPK -18.510000000000012 264 263 262 261 260 GLY 153 154 152 GLY 150 GLY 222 223 224 225 
PDGGEEPRGKRGPPPGK -17.1475 273 239 GLY GLY 136 139 140 233 GLY 199 198 GLY 200 201 202 GLY 204 
APEGEPGRGKRPPPGK -16.57 276 277 123 GLY 139 140 GLY 233 GLY 199 198 200 201 202 GLY 204 
PAEEPGRGKRPPPGKGR -17.622500000000002 277 276 136 139 140 GLY 233 GLY 199 198 200 201 202 GLY 204 GLY 206 
PRKKKKKGGPGEEEGE -27.187500000000007 280 284 285 286 287 288 289 GLY GLY 283 GLY 119 120 121 GLY 123 
PRKKKKKGPQQPGGHH -25.480000000000004 283 284 285 286 287 288 289 GLY 129 130 131 128 GLY GLY 114 115 
RKKKKKGPGPGEEEEGE -27.58750000000001 284 285 286 287 288 289 GLY 283 GLY 280 GLY 119 120 121 123 GLY 139 
KKKKKGRPPGEEEGEGE -26.90750000000001 285 286 287 288 289 GLY 284 283 280 GLY 119 120 121 GLY 123 GLY 139 
KKKKGKRPPGEEEGEE -26.555000000000007 286 287 288 289 GLY 285 284 283 280 GLY 119 120 121 GLY 123 139 
KKKRPPGEEEGEEPGR -24.785000000000004 287 286 285 284 283 280 GLY 119 120 121 GLY 123 139 140 GLY 233 
KKKKRPPGEEEGEEPGR -28.525000000000013 288 287 286 285 284 283 280 GLY 119 120 121 GLY 123 139 140 GLY 233 
KKKKKRPPGEEEGEEP -29.827500000000008 289 288 287 286 285 284 283 280 GLY 119 120 121 GLY 123 139 140 
