Analyzed structure = 2ocj_ST7
Energy Matrix = MJ new potential one by all
Sequence =
SPPPEEEEPDDGRGPP -19.5675 96 97 98 99 100 101 102 103 104 105 106 GLY 148 GLY 146 228 
PPPEEEEPDDGRGPPK -21.1325 97 98 99 100 101 102 103 104 105 106 GLY 148 GLY 146 228 227 
PPEEEEPDDGRGPPKS -21.2625 98 99 100 101 102 103 104 105 106 GLY 148 GLY 146 228 227 226 
PEEEEPDDGRGPPKSK -21.330000000000002 99 100 101 102 103 104 105 106 GLY 148 GLY 146 228 227 226 225 
EEEEPDDGRGPPKSKP -20.6825 100 101 102 103 104 105 106 GLY 148 GLY 146 228 227 226 225 224 
EEPPPSKRKRRGKGPP -19.007500000000007 101 100 99 98 97 96 211 212 208 207 206 GLY 204 GLY 202 201 
EEEPPPSKRKRRGKGP -21.385000000000005 102 101 100 99 98 97 96 211 212 208 207 206 GLY 204 GLY 202 
EEEEPPPSKRKRRGKGP -23.2225 103 102 101 100 99 98 97 96 211 212 208 207 206 GLY 204 GLY 202 
PDDGEEEEPPPSGKRK -22.374999999999996 104 105 106 GLY 103 102 101 100 99 98 97 96 GLY 211 212 208 
DDPEEEEPPPSGKRKR -23.767499999999995 105 106 104 103 102 101 100 99 98 97 96 GLY 211 212 208 207 
DDPEEEEPPPSKRKRR -25.837499999999995 106 105 104 103 102 101 100 99 98 97 96 211 212 208 207 206 
PPDDGGEEEEPPPSKR -20.695 110 104 105 106 GLY GLY 103 102 101 100 99 98 97 96 211 212 
HHSDEEEGEGEEKGKK -20.369999999999997 114 115 116 117 119 120 121 GLY 123 GLY 139 140 233 GLY 199 198 
HHSDGEEEEGEEGKGK -18.595 115 114 116 117 GLY 119 120 121 123 GLY 139 140 GLY 233 GLY 199 
SDEEEGEGEEKGKKGP -19.644999999999996 116 117 119 120 121 GLY 123 GLY 139 140 233 GLY 199 198 GLY 200 
DSHHGGKGKKGEEEEGE -18.9425 117 116 115 114 GLY GLY 233 GLY 199 198 GLY 140 139 138 136 GLY 123 
EEEEGEEGKKKGPPPGK -19.927500000000002 119 120 121 123 GLY 139 140 GLY 233 199 198 GLY 200 201 202 GLY 204 
EEEGEEEGKGKKPPPGK -19.927500000000002 120 119 121 GLY 123 139 140 GLY 233 GLY 199 198 200 201 202 GLY 204 
EEEDSHHGGKGKKGEE -18.3325 121 120 119 117 116 115 114 GLY GLY 233 GLY 199 198 GLY 140 139 
EEEGKGKKPPPGKGRR -18.7575 123 139 140 GLY 233 GLY 199 198 200 201 202 GLY 204 GLY 206 207 
PPQQGKKKKGKRPGPGE -26.23500000000001 128 129 130 131 GLY 286 287 288 289 GLY 285 284 283 GLY 280 GLY 119 
PQQPGKKKKGKRPGPGE -25.810000000000006 129 130 131 128 GLY 286 287 288 289 GLY 285 284 283 GLY 280 GLY 119 
QPPQGGKKKKGKRPPGE -25.96250000000001 130 129 128 131 GLY GLY 286 287 288 289 GLY 285 284 283 280 GLY 119 
QQPPGKKKKGKRPGPE -26.155000000000012 131 130 129 128 GLY 286 287 288 289 GLY 285 284 283 GLY 280 119 
EEEKGKKGPPPGKRRK -21.4125 136 139 140 233 GLY 199 198 GLY 200 201 202 GLY 204 206 207 208 
EEEKGKKPPPGKGRRK -21.4125 138 139 140 233 GLY 199 198 200 201 202 GLY 204 GLY 206 207 208 
EEKGKKPPPGKGRRKK -20.1175 139 140 233 GLY 199 198 200 201 202 GLY 204 GLY 206 207 208 209 
EEEEGEEEEGDSHHGGK -18.0275 140 139 138 136 GLY 123 121 120 119 GLY 117 116 115 114 GLY GLY 233 
PRGPGPPPKSKPGGPGP -15.015000000000011 146 148 GLY 150 GLY 222 223 224 225 226 227 228 GLY GLY 110 GLY 104 
RPGPKSKPPPPGPPGD -17.110000000000014 148 146 GLY 228 227 226 225 224 223 222 221 GLY 153 154 GLY 260 
PPPPKSKPGPGRGGDD -16.31000000000001 150 222 223 224 225 226 227 228 GLY 146 GLY 148 GLY GLY 105 106 
PPPDDDNQGGEEPPPS -20.435000000000002 152 153 154 260 261 262 263 264 GLY GLY 101 100 99 98 97 96 
PPDDDNQGGEEPPPSGK -21.2475 153 154 260 261 262 263 264 GLY GLY 101 100 99 98 97 96 GLY 211 
PPPPGPPPKSKPGPGR -16.272500000000015 154 153 152 150 GLY 222 223 224 225 226 227 228 GLY 146 GLY 148 
PDDDNQGGEEPPPSGK -19.970000000000002 156 260 261 262 263 264 GLY GLY 101 100 99 98 97 96 GLY 211 
PPKRKRKPPPEEEEPD -27.42 164 165 166 167 168 171 170 97 98 99 100 101 102 103 104 105 
PKRKRKPPPEEEEPDD -26.4325 165 166 167 168 171 170 97 98 99 100 101 102 103 104 105 106 
KPPKRGKRGGKRKRRGK -23.030000000000005 166 165 164 168 167 GLY 170 171 GLY GLY 211 212 208 207 206 GLY 204 
RKPKGKRGGKRKRRGK -21.660000000000004 167 168 165 166 GLY 170 171 GLY GLY 211 212 208 207 206 GLY 204 
KRKPPPGDPDDGEGEE -19.0275 168 167 166 165 164 250 GLY 248 247 241 239 GLY 136 GLY 139 140 
KRKRKPPPGDPDGDGE -19.52500000000001 170 171 168 167 166 165 164 250 GLY 248 247 241 GLY 239 GLY 136 
RKKRKPPPGDPDGDGE -19.282500000000006 171 170 168 167 166 165 164 250 GLY 248 247 241 GLY 239 GLY 136 
PPPPGKKKRRPGPPQG -23.737500000000015 174 192 191 190 GLY 185 184 183 182 181 180 GLY 178 177 244 243 
Next sequence does not have enough residue that fulfilled the requirement
PPRKKKRRRGPPPPR -25.695000000000014 177 178 182 183 184 185 186 187 188 GLY 190 191 192 180 181 
PPPRRKKKRRRGPPPP -26.46000000000002 178 177 180 181 182 183 184 185 186 187 188 GLY 190 191 192 174 
PRRKKKRRRPPPGPGGR -25.67750000000001 180 181 182 183 184 185 186 187 188 190 191 192 GLY 174 GLY GLY 207 
RRKKKRRRPPPGPPPGQ -26.272500000000015 181 182 183 184 185 186 187 188 190 191 192 GLY 180 178 177 GLY 244 
RKKKRRRPPPGPRPPGQ -25.537500000000012 182 183 184 185 186 187 188 190 191 192 GLY 180 181 178 177 GLY 244 
KRRPPPPGKKGRRRGGK -24.687500000000014 183 182 181 180 192 191 190 GLY 185 184 GLY 186 187 188 GLY GLY 199 
KKRRRPPPGPRRKGPP -24.402500000000014 184 185 186 187 188 190 191 192 GLY 180 181 182 183 GLY 178 177 
KKKRRPPPPGRRRGKK -25.822500000000016 185 184 183 182 181 180 192 191 190 GLY 188 187 186 GLY 199 198 
RKKKRRPPPPGRRGGK -24.735000000000014 186 185 184 183 182 181 180 192 191 190 GLY 188 187 GLY GLY 198 
RRKKKRRPPPPGRGGK -24.83500000000001 187 186 185 184 183 182 181 180 192 191 190 GLY 188 GLY GLY 199 
RRRKKKRRPPPPGRKK -29.12000000000001 188 187 186 185 184 183 182 181 180 192 191 190 GLY 207 208 209 
PPPPRRKKKRRRGGKK -27.545000000000016 190 191 192 180 181 182 183 184 185 186 187 188 GLY GLY 199 198 
PPPRRKKKRRRGPGRK -27.82000000000001 191 192 180 181 182 183 184 185 186 187 188 GLY 190 GLY 207 208 
PPPGKKKRRPPPGQGD -23.022500000000015 192 191 190 GLY 185 184 183 182 181 180 178 177 GLY 244 243 241 
KKPPPKGRRKKKKRGGP -21.045000000000005 198 199 200 201 202 204 GLY 206 207 208 209 210 211 212 GLY GLY 192 
KKKGEEEEGEEEEGDS -19.950000000000003 199 198 233 GLY 140 139 138 136 GLY 123 121 120 119 GLY 117 116 
PKKKGEEEEGEEEEGD -21.16 200 199 198 233 GLY 140 139 138 136 GLY 123 121 120 119 GLY 117 
PPKKKGEEEEGEEEEGD -22.387500000000003 201 200 199 198 233 GLY 140 139 138 136 GLY 123 121 120 119 GLY 117 
PPPKKKGEEEEGEEEE -21.817500000000006 202 201 200 199 198 233 GLY 140 139 138 136 GLY 123 121 120 119 
KRRKKKKRGGPPPGKK -23.28250000000001 204 206 207 208 209 210 211 212 GLY GLY 192 191 190 GLY 185 184 
RRKKKKRGGPPPGKKK -24.12500000000001 206 207 208 209 210 211 212 GLY GLY 192 191 190 GLY 185 184 183 
RKKKKRGGPPPGKKKR -24.30000000000001 207 208 209 210 211 212 GLY GLY 192 191 190 GLY 185 184 183 182 
KRRKGPPPKKGKEEEGE -21.500000000000004 208 207 206 204 GLY 202 201 200 199 198 GLY 233 140 139 138 GLY 136 
KKRRKGPPPKKGKEEE -22.277500000000003 209 208 207 206 204 GLY 202 201 200 199 198 GLY 233 140 139 138 
KKRKRRKGPPPKKGKE -22.7075 210 211 212 208 207 206 204 GLY 202 201 200 199 198 GLY 233 140 
KRKRRKGPPPKKGKEE -22.98 211 212 208 207 206 204 GLY 202 201 200 199 198 GLY 233 140 139 
RKKKKRRKGPPPKKGK -21.950000000000003 212 211 210 209 208 207 206 204 GLY 202 201 200 199 198 GLY 233 
PPPPKSKPPGRGPGPP -16.272500000000015 221 222 223 224 225 226 227 228 146 GLY 148 GLY 150 GLY 152 153 
PPPKSKPPGRGPGPPP -16.020000000000014 222 223 224 225 226 227 228 146 GLY 148 GLY 150 GLY 152 153 154 
PPPGGKSKPGPPGRGP -12.95250000000001 223 222 221 GLY GLY 227 226 225 224 GLY 228 146 GLY 148 GLY 150 
PPPPGGKSKGPGPGRP -13.45500000000001 224 223 222 221 GLY GLY 227 226 225 GLY 228 GLY 146 GLY 148 150 
KPPPPGGKSPGPGRGP -13.107500000000012 225 224 223 222 221 GLY GLY 227 226 228 GLY 146 GLY 148 GLY 150 
SKPPPPGGKPGGPGRGP -13.577500000000013 226 227 228 223 222 221 GLY GLY 225 224 GLY GLY 150 GLY 148 GLY 146 
KSKPPPPGPPDDDNQGGE -22.33000000000001 227 226 225 224 223 222 221 GLY 153 154 260 261 262 263 264 GLY GLY 101 
PKSKPPPPGPPDDDNQ -22.00000000000001 228 227 226 225 224 223 222 221 GLY 153 154 260 261 262 263 264 
SKGKKGEEEGEEGEEE -20.045 231 233 GLY 199 198 GLY 140 139 138 GLY 136 123 GLY 121 120 119 
KKKGEEEGEGEEEEGD -18.8825 233 199 198 GLY 140 139 138 GLY 136 GLY 123 121 120 119 GLY 117 
DGEEEKGKKGPPPGKR -18.2275 239 GLY 136 139 140 233 GLY 199 198 GLY 200 201 202 GLY 204 206 
DDGEEEGKGKKPPPGK -18.5075 241 239 GLY 136 139 140 GLY 233 GLY 199 198 200 201 202 GLY 204 
GQPDDGDGEEEGKGKK -19.534999999999997 243 244 247 248 241 GLY 239 GLY 136 139 140 GLY 233 GLY 199 198 
QGDGDGEEEGKKKGPP -18.400000000000002 244 243 241 GLY 239 GLY 136 139 140 GLY 233 199 198 GLY 200 201 
PDDDGEGEEKGKKGPP -18.822499999999998 247 248 241 239 GLY 136 GLY 139 140 233 GLY 199 198 GLY 200 201 
DPDDGEGEEKGKKGPP -18.7425 248 247 241 239 GLY 136 GLY 139 140 233 GLY 199 198 GLY 200 201 
PPKRKGRKPPPEEEEP -25.430000000000003 250 165 166 167 168 GLY 171 170 97 98 99 100 101 102 103 104 
DDDNQGGEEPPPSKRGK -22.395000000000003 260 261 262 263 264 GLY GLY 101 100 99 98 97 96 211 212 GLY 208 
DDNQGGEEPPPSKRGK -19.805000000000003 261 262 263 264 GLY GLY 101 100 99 98 97 96 211 212 GLY 208 
DDDNGQGGEEPPPSKR -19.63 262 261 260 263 GLY 264 GLY GLY 101 100 99 98 97 96 211 212 
NDDDGPPPGPGPPPKS -18.01750000000001 263 262 261 260 GLY 153 154 152 GLY 150 GLY 222 223 224 225 226 
QNDDDGPPPGPGPPPK -18.510000000000012 264 263 262 261 260 GLY 153 154 152 GLY 150 GLY 222 223 224 225 
PDGGEEEKGKKGPPPGK -18.5075 273 239 GLY GLY 136 139 140 233 GLY 199 198 GLY 200 201 202 GLY 204 
APEGEEGKGKKPPPGK -17.89 276 277 123 GLY 139 140 GLY 233 GLY 199 198 200 201 202 GLY 204 
PAEEEGKGKKPPPGKGR -19.132500000000004 277 276 136 139 140 GLY 233 GLY 199 198 200 201 202 GLY 204 GLY 206 
PRKKKKKGGPGEEEGE -27.187500000000007 280 284 285 286 287 288 289 GLY GLY 283 GLY 119 120 121 GLY 123 
PRKKKKKGPQQPGGHH -25.480000000000004 283 284 285 286 287 288 289 GLY 129 130 131 128 GLY GLY 114 115 
RKKKKKGPGPGEEEEGE -27.54750000000001 284 285 286 287 288 289 GLY 283 GLY 280 GLY 119 120 121 123 GLY 139 
KKKKKGRPPGEEEGEGE -26.86750000000001 285 286 287 288 289 GLY 284 283 280 GLY 119 120 121 GLY 123 GLY 139 
KKKKGKRPPGEEEGEE -26.515000000000008 286 287 288 289 GLY 285 284 283 280 GLY 119 120 121 GLY 123 139 
KKKRPPGEEEGEEEGK -25.785000000000004 287 286 285 284 283 280 GLY 119 120 121 GLY 123 139 140 GLY 233 
KKKKRPPGEEEGEEEGK -29.52500000000001 288 287 286 285 284 283 280 GLY 119 120 121 GLY 123 139 140 GLY 233 
KKKKKRPPGEEEGEEE -30.527500000000007 289 288 287 286 285 284 283 280 GLY 119 120 121 GLY 123 139 140 
