Analyzed structure = PCA_-5_-1
Energy Matrix = MJ new potential one by all
Sequence =
SSEEEEPPDDDGKKPGP -24.745 96 97 99 100 101 102 103 104 105 106 107 GLY 149 148 150 GLY 222 
SSGGEEEPPDDDKKGP -21.287499999999998 97 96 GLY GLY 100 101 102 103 104 105 106 107 149 148 GLY 150 
EEEEPPDDDKKGPPPGP -24.972500000000004 99 100 101 102 103 104 105 106 107 149 148 GLY 150 222 223 GLY 224 
EEEPPDDDKKGPPGPP -23.045 100 101 102 103 104 105 106 107 149 148 GLY 150 222 GLY 223 224 
EEESSGKKRGPGPPPGR -17.665000000000006 101 100 99 97 96 GLY 170 171 172 GLY 174 GLY 192 191 190 GLY 187 
EEEESSGKKRGPGPPP -17.425000000000004 102 101 100 99 97 96 GLY 170 171 172 GLY 174 GLY 192 191 190 
PPDDDKKGPPGPPKSK -22.195000000000007 103 104 105 106 107 149 148 GLY 150 222 GLY 223 224 225 226 227 
PDDDKKGPPGPPKSKK -21.90000000000001 104 105 106 107 149 148 GLY 150 222 GLY 223 224 225 226 227 228 
DPPEEEESSGKKRGPGP -20.055 105 104 103 102 101 100 99 97 96 GLY 170 171 172 GLY 174 GLY 192 
DDPPEEEESSGKKRGP -20.647499999999997 106 105 104 103 102 101 100 99 97 96 GLY 170 171 172 GLY 174 
DDDPPEEEESSGKKRGP -22.144999999999992 107 106 105 104 103 102 101 100 99 97 96 GLY 170 171 172 GLY 174 
PPDDDKKGPGPPPKSK -22.195000000000007 110 104 105 106 107 149 148 GLY 150 GLY 222 223 224 225 226 227 
VSSSDEEGEGEKGKKD -21.7975 114 116 117 118 119 120 121 GLY 123 GLY 139 140 GLY 198 199 200 
SSSDEEEGEKGKKDPP -21.330000000000002 116 117 118 119 120 121 123 GLY 139 140 GLY 198 199 200 201 202 
SSDEEGEGEKGKKDPP -19.9125 117 116 119 120 121 GLY 123 GLY 139 140 GLY 198 199 200 201 202 
SDEEEGSSGGPPRKKK -26.225 118 119 120 121 123 GLY 116 117 GLY GLY 279 280 281 285 286 287 
DEEEGSSSGGPPRGKK -21.9325 119 120 121 123 GLY 116 117 118 GLY GLY 279 280 281 GLY 285 286 
EDSSSEGEKGKKDPPGK -21.820000000000004 120 119 118 117 116 123 GLY 139 140 GLY 198 199 200 201 202 GLY 204 
EEDSSSEGEKGKKDPP -21.905000000000005 121 120 119 118 117 116 123 GLY 139 140 GLY 198 199 200 201 202 
ESSSDEEGPAGQEEKGK -19.635 123 116 117 118 119 120 121 GLY 277 276 GLY 137 138 139 140 GLY 198 
PPQQGKKKKGGKRPRP -25.065000000000005 128 129 130 131 GLY 286 287 288 289 GLY GLY 285 284 283 281 280 
PQQPGKKKKGGKRPRP -24.720000000000006 129 130 131 128 GLY 286 287 288 289 GLY GLY 285 284 283 281 280 
QPPQGKKGKKGKRPRP -24.79250000000001 130 129 128 131 GLY 286 287 GLY 288 289 GLY 285 284 283 281 280 
QQPPGKKKKGGKRPRP -24.985000000000007 131 130 129 128 GLY 286 287 288 289 GLY GLY 285 284 283 281 280 
QEEKKKDPPGKGRRRGP -17.162500000000005 137 138 139 140 198 199 200 201 202 GLY 204 GLY 206 207 212 GLY 210 
EEKKKDPPGKGRRRGP -16.435000000000002 138 139 140 198 199 200 201 202 GLY 204 GLY 206 207 212 GLY 210 
EKKKDPPGKGRRRGPP -15.270000000000005 139 140 198 199 200 201 202 GLY 204 GLY 206 207 212 GLY 210 209 
KEEQNGRGPGDPDGQP -13.020000000000003 140 139 138 137 239 GLY 273 GLY 250 GLY 248 247 241 GLY 243 244 
PKKPGDDDPPEEEEGS -23.215000000000003 146 148 149 150 GLY 107 106 105 104 103 102 101 100 99 GLY 97 
KKPDDDPPEEEEGSSGK -23.97 148 149 150 107 106 105 104 103 102 101 100 99 GLY 97 96 GLY 170 
KKDDDPPEEEEGSSGK -21.847499999999997 149 148 107 106 105 104 103 102 101 100 99 GLY 97 96 GLY 170 
PKKDDDPPEEEEGSSGK -24.377499999999998 150 149 148 107 106 105 104 103 102 101 100 99 GLY 97 96 GLY 170 
PPPDDDNQGDPGPEEE -23.39 152 153 154 260 261 262 263 264 GLY 105 104 GLY 103 102 101 100 
PPDDDNQGDPPEEEEGS -24.604999999999997 153 154 260 261 262 263 264 GLY 105 104 103 102 101 100 99 GLY 97 
PPPPKKGDDDPPEEEE -24.812500000000007 154 153 152 150 149 148 GLY 107 106 105 104 103 102 101 100 99 
PGDDDNQGDPPEEEEGS -23.3275 156 GLY 260 261 262 263 264 GLY 105 104 103 102 101 100 99 GLY 97 
PEKKKKRGPGPPPGRK -21.505000000000006 164 165 166 167 170 171 172 GLY 174 GLY 192 191 190 GLY 187 186 
EKKKKRGPGPPPGRKR -21.90250000000001 165 166 167 170 171 172 GLY 174 GLY 192 191 190 GLY 187 186 185 
KEPPGRGNDGDPQPPGR -15.135000000000007 166 165 164 250 GLY 273 GLY 239 241 GLY 248 247 243 244 177 GLY 181 
KKEPPGRGNDGDPQPGP -15.635000000000005 167 166 165 164 250 GLY 273 GLY 239 241 GLY 248 247 243 244 GLY 177 
KKRPGPPPGRKRKHPR -24.10750000000001 170 171 172 174 GLY 192 191 190 GLY 187 186 185 184 183 182 181 
KKGKEPPGRGNDGDPQ -15.247500000000004 171 170 GLY 166 165 164 250 GLY 273 GLY 239 241 GLY 248 247 243 
RKKGKEPPGRGNDGDP -15.677500000000006 172 171 170 GLY 166 165 164 250 GLY 273 GLY 239 241 GLY 248 247 
PPPPGRKRKHPRPGPGQ -23.677500000000013 174 192 191 190 GLY 187 186 185 184 183 182 181 180 GLY 177 GLY 243 
PGQPPDGDNGRGPPEK -14.730000000000004 177 GLY 243 244 247 248 GLY 241 239 GLY 273 GLY 250 164 165 166 
PRPHKRKRGPPPGPGR -23.185000000000006 180 181 182 183 184 185 186 187 188 190 191 192 GLY 174 GLY 172 
RPPPPGRKRKHPGGPGQ -22.47000000000001 181 180 191 192 190 GLY 187 186 185 184 183 182 GLY GLY 177 GLY 243 
PHKRKRGPPPGPRGPGQ -23.415000000000013 182 183 184 185 186 187 188 190 191 192 GLY 180 181 GLY 177 GLY 243 
HKRKRGPPPGPRPGPGQ -22.865000000000013 183 184 185 186 187 188 190 191 192 GLY 180 181 182 GLY 177 GLY 243 
Next sequence does not have enough residue that fulfilled the requirement
KRKRGPPPGPRPH -18.73750000000001 184 185 186 187 188 190 191 192 GLY 180 181 182 183 
RKHPRPPPPGRKGKKGK -24.740000000000006 185 184 183 182 181 180 191 192 190 GLY 187 186 GLY 199 198 GLY 140 
KRKHPRPPPPGRGGGK -21.477500000000006 186 185 184 183 182 181 180 191 192 190 GLY 187 188 GLY GLY 199 
RKRKHPRPPPPGGGGK -21.897500000000008 187 186 185 184 183 182 181 180 191 192 190 GLY 188 GLY GLY 199 
GRKRKHPRPPPPGGKGR -24.07250000000001 188 187 186 185 184 183 182 181 180 191 192 190 GLY GLY 204 GLY 206 
PPPPRPHKRKRGGKKGK -26.93500000000001 190 191 192 180 181 182 183 184 185 186 187 188 GLY 199 198 GLY 140 
PPPGRKRKHPRPPGQP -23.24500000000001 191 192 190 GLY 187 186 185 184 183 182 181 180 177 GLY 243 244 
PPPRKRKHPRPGPGQP -23.49750000000001 192 191 190 187 186 185 184 183 182 181 180 GLY 177 GLY 243 244 
KKDPPKGRRRGPPGGD -13.442500000000004 198 199 200 201 202 204 GLY 206 207 212 GLY 210 209 GLY GLY 262 
KKGKRKHPRPPPGPRG -24.327500000000008 199 198 GLY 186 185 184 183 182 181 180 191 192 GLY 190 187 188 
DKKGKRKHPRPPPGPR -25.880000000000006 200 199 198 GLY 186 185 184 183 182 181 180 191 192 GLY 190 187 
PDKKGKRKHPRPPPGP -24.40500000000001 201 200 199 198 GLY 186 185 184 183 182 181 180 191 192 GLY 190 
PPDKKGKRKHPRPPPGP -24.95000000000001 202 201 200 199 198 GLY 186 185 184 183 182 181 180 191 192 GLY 190 
KRRRGPPGGDDDGNQGGD -15.7975 204 206 207 212 GLY 210 209 GLY GLY 262 261 260 GLY 263 264 GLY GLY 105 
RRRPPGGDDDGNQGGD -14.6025 206 207 212 210 209 GLY GLY 262 261 260 GLY 263 264 GLY GLY 105 
RRKGPPDKKGKRKHPR -22.982500000000005 207 206 204 GLY 202 201 200 199 198 GLY 186 185 184 183 182 181 
PPRRRGKGPPDKKGKR -18.765000000000004 209 210 212 207 206 GLY 204 GLY 202 201 200 199 198 GLY 186 185 
PPRRRGKGPPDKKGKR -18.765000000000004 210 209 212 207 206 GLY 204 GLY 202 201 200 199 198 GLY 186 185 
RRRKGPPDKKGKRKHP -22.952500000000004 212 207 206 204 GLY 202 201 200 199 198 GLY 186 185 184 183 182 
PGPPPPKKGDDDPPEE -22.235000000000003 219 GLY 154 153 152 150 149 148 GLY 107 106 105 104 103 102 101 
PPPPKSKKGPGKKPGD -19.487500000000008 221 222 223 224 225 226 227 228 GLY 146 GLY 148 149 150 GLY 107 
PPPKSKKGPGKKPGDD -19.455000000000005 222 223 224 225 226 227 228 GLY 146 GLY 148 149 150 GLY 107 106 
PPPPGPPPGPKKDDGD -17.51000000000001 223 222 221 219 GLY 154 153 152 GLY 150 149 148 107 106 GLY 105 
PKSKKPPPGPGPPPGP -16.63250000000001 224 225 226 227 228 223 222 221 GLY 219 GLY 154 153 152 GLY 150 
KPPPPPGPPPGPKKGD -16.812500000000014 225 224 223 222 221 219 GLY 154 153 152 GLY 150 149 148 GLY 107 
SKKPPPGPGPPPGPKK -17.992500000000014 226 227 228 223 222 221 GLY 219 GLY 154 153 152 GLY 150 149 148 
KKPPPGPGPPPGPKKD -17.14750000000001 227 228 223 222 221 GLY 219 GLY 154 153 152 GLY 150 149 148 107 
KKSKPPPPPGPPPGPK -18.82750000000001 228 227 226 225 224 223 222 221 219 GLY 154 153 152 GLY 150 149 
NGRPGDPGDQPGPGRP -11.437500000000005 239 GLY 273 250 GLY 248 247 GLY 241 243 244 GLY 177 GLY 181 180 
DDPQPGPRPGPPPGRK -18.305000000000007 241 248 247 243 244 GLY 177 181 180 GLY 191 192 190 GLY 187 186 
QPPDDGNGRGPPEKKGK -16.915000000000006 243 244 247 248 241 GLY 239 GLY 273 GLY 250 164 165 166 167 GLY 170 
PQDGPDNGRGPGPEKK -15.220000000000002 244 243 248 GLY 247 241 239 GLY 273 GLY 250 GLY 164 165 166 167 
PDDQPGPGRPPPGPGR -15.415000000000008 247 248 241 243 244 GLY 177 GLY 181 180 191 192 GLY 190 GLY 187 
DPDGQPPGRPPPGPGR -15.185000000000008 248 247 241 GLY 243 244 177 GLY 181 180 191 192 GLY 190 GLY 187 
PRGNGDDPQPGPGRPP -13.560000000000008 250 273 GLY 239 GLY 241 248 247 243 244 GLY 177 GLY 181 180 191 
DDDNQGDPPEEEEGSS -22.165 260 261 262 263 264 GLY 105 104 103 102 101 100 99 GLY 97 96 
DDNQGDPPEEEEGSSGK -21.309999999999995 261 262 263 264 GLY 105 104 103 102 101 100 99 GLY 97 96 GLY 170 
DDDNQGGDPPEEEEGS -21.42 262 261 260 263 264 GLY GLY 105 104 103 102 101 100 99 GLY 97 
NDDDPPPGPKKDDDPP -24.2325 263 262 261 260 154 153 152 GLY 150 149 148 107 106 105 104 103 
QNDDDPPPGPKKDDDP -23.952500000000004 264 263 262 261 260 154 153 152 GLY 150 149 148 107 106 105 104 
RGNDDPQPGPGRPPPGP -14.940000000000008 273 GLY 239 241 248 247 243 244 GLY 177 GLY 181 180 191 192 GLY 190 
APRPPGEEDSSSGEGE -20.005000000000003 276 277 281 280 279 GLY 121 120 119 118 117 116 GLY 123 GLY 139 
PAQEEKGKKDPPGKGR -15.737500000000002 277 276 137 138 139 140 GLY 198 199 200 201 202 GLY 204 GLY 206 
PPRKKKKKGPQQPGGV -22.23500000000001 279 280 281 285 286 287 288 289 GLY 129 130 131 128 GLY GLY 114 
PRKKKKKGPQQPGGVGS -22.472500000000007 280 281 285 286 287 288 289 GLY 129 130 131 128 GLY GLY 114 GLY 116 
RPPEEDSSSGEGEKGK -20.8525 281 280 279 121 120 119 118 117 116 GLY 123 GLY 139 140 GLY 198 
PRKKKKKGPQQPGGVGS -23.512500000000006 283 284 285 286 287 288 289 GLY 129 130 131 128 GLY GLY 114 GLY 116 
RKKKKKGPQQPGGVGS -20.482500000000005 284 285 286 287 288 289 GLY 129 130 131 128 GLY GLY 114 GLY 116 
KKKKKGPQQPGGVGSS -19.385000000000005 285 286 287 288 289 GLY 129 130 131 128 GLY GLY 114 GLY 116 117 
KKKKGPQQPGGVGSSS -16.802500000000002 286 287 288 289 GLY 129 130 131 128 GLY GLY 114 GLY 116 117 118 
KKKRPRPPGEEDSSSGE -28.44250000000001 287 286 285 284 283 281 280 279 GLY 121 120 119 118 117 116 GLY 123 
KKKKRPRPPGEEDSSS -29.85250000000001 288 287 286 285 284 283 281 280 279 GLY 121 120 119 118 117 116 
KKKKKRPRPPGEEDSS -29.770000000000007 289 288 287 286 285 284 283 281 280 279 GLY 121 120 119 118 117 
