Analyzed structure = PCA_-5_-1
Energy matrix = MJ new potential one by one
Sequence =
DVDKESPKGDPGRDSGP -9.424999999999997 96 97 99 100 101 102 103 104 105 106 107 GLY 148 149 150 GLY 222 
VDGKVGSGDKEGPGPGD -6.994999999999999 97 96 GLY 171 172 GLY 170 GLY 166 165 164 GLY 250 GLY 273 GLY 239 
DKESPKGDPRDSGPKGP -9.935 99 100 101 102 103 104 105 106 107 148 149 150 GLY 222 221 GLY 223 
KESPKGDPRDSGPKGP -9.2925 100 101 102 103 104 105 106 107 148 149 150 GLY 222 221 GLY 223 
EKDVDGGKVGSGDKEP -7.7674999999999965 101 100 99 97 96 GLY GLY 171 172 GLY 170 GLY 166 165 164 250 
SEKDVDGGKVGSGDKE -8.167499999999995 102 101 100 99 97 96 GLY GLY 171 172 GLY 170 GLY 166 165 164 
PKGDPRDSGPKGPKVG -10.032500000000002 103 104 105 106 107 148 149 150 GLY 222 221 GLY 223 224 225 226 
KGDPRDSGPKGPKVGD -10.0725 104 105 106 107 148 149 150 GLY 222 221 GLY 223 224 225 226 227 
GDPRDSGPKGPKVGDR -10.552500000000002 105 106 107 148 149 150 GLY 222 221 GLY 223 224 225 226 227 228 
DGKPSEKDVDGGKVGS -8.499999999999996 106 105 104 103 102 101 100 99 97 96 GLY GLY 171 172 GLY 170 
PDGKPSEKDVDGGKVGS -9.182499999999996 107 106 105 104 103 102 101 100 99 97 96 GLY GLY 171 172 GLY 170 
PPGRDSPDGGKPSEKD -9.072499999999998 110 146 GLY 148 149 150 107 106 105 GLY 104 103 102 101 100 99 
VDGSAEDGCAGVAESGK -9.452500000000002 114 116 117 118 119 120 121 GLY 277 276 GLY 137 138 139 140 GLY 198 
DGSAEDGCAVAESGKG -9.502500000000005 116 117 118 119 120 121 GLY 277 276 137 138 139 140 GLY 198 199 
GDVGGRDGVKPPKGPGG -9.360000000000003 117 116 114 GLY GLY 228 227 226 225 224 223 222 221 GLY 219 GLY 154 
SGDVGGRDGVKPPKGP -9.360000000000005 118 117 116 114 GLY GLY 228 227 226 225 224 223 222 221 GLY 219 
AEDGCAVAESGKGDVP -9.572500000000003 119 120 121 GLY 277 276 137 138 139 140 GLY 198 199 200 201 202 
EDCAGVAESGKGDVPGK -10.092500000000005 120 121 277 276 GLY 137 138 139 140 GLY 198 199 200 201 202 GLY 204 
DEASGDVGGRDGVKPP -9.412500000000003 121 120 119 118 117 116 114 GLY GLY 228 227 226 225 224 223 222 
SGCAVAESGKGDVPGK -9.410000000000005 123 GLY 277 276 137 138 139 140 GLY 198 199 200 201 202 GLY 204 
PAVDGKKDVGGKSPRP -9.950000000000006 128 129 130 131 GLY 286 287 288 289 GLY GLY 285 284 283 281 280 
AVDPGKKDVGGKSPRP -9.940000000000007 129 130 131 128 GLY 286 287 288 289 GLY GLY 285 284 283 281 280 
VDAPGGKKDVGKSPRP -9.740000000000006 130 131 129 128 GLY GLY 286 287 288 289 GLY 285 284 283 281 280 
DVAPGKKDVGGKSPRP -9.600000000000007 131 130 129 128 GLY 286 287 288 289 GLY GLY 285 284 283 281 280 
VAESKGDVPGKGVRFGD -10.402500000000007 137 138 139 140 198 199 200 201 202 GLY 204 GLY 206 207 212 GLY 210 
AESKGDVPGKGVRFGD -9.950000000000006 138 139 140 198 199 200 201 202 GLY 204 GLY 206 207 212 GLY 210 
ESKGDVPGKGVRFGDP -9.480000000000008 139 140 198 199 200 201 202 GLY 204 GLY 206 207 212 GLY 210 209 
SEAVDGDDPGFGGPKP -8.250000000000004 140 139 138 137 239 GLY 241 247 248 GLY 243 244 GLY 177 180 181 
PRDSGPDGKPSEKDGV -8.982499999999996 146 148 149 150 GLY 107 106 105 104 103 102 101 100 99 GLY 97 
RDSPDGKPSEKDGVDGGK -9.814999999999996 148 149 150 107 106 105 104 103 102 101 100 99 GLY 97 96 GLY GLY 171 
DRPGPKGDPGSGPKGP -7.717500000000001 149 148 146 GLY 110 104 105 106 107 GLY 150 GLY 222 221 GLY 223 
SDRPGPKGDPGGVDGD -8.450000000000001 150 149 148 146 GLY 110 104 105 106 107 GLY GLY 264 263 262 261 
PPGDDGDVGGDGPRDS -9.152500000000002 152 153 154 260 261 262 263 264 GLY 105 106 GLY 107 148 149 150 
PGDDGDVGGDPGRDSGP -9.152500000000002 153 154 260 261 262 263 264 GLY 105 106 107 GLY 148 149 150 GLY 222 
GPPSDRGPGPKGDPGGV -7.690000000000001 154 153 152 150 149 148 GLY 146 GLY 110 104 105 106 107 GLY GLY 264 
PGPPGSDRGPPGKGDP -7.770000000000002 156 154 153 152 GLY 150 149 148 GLY 146 110 GLY 104 105 106 107 
EKDKSKVGPGGFDPDGD -9.002499999999998 164 165 166 167 170 171 172 GLY 174 GLY 244 243 247 248 241 GLY 239 
KEDKGSKVGPGGFDPD -8.409999999999998 165 164 166 167 GLY 170 171 172 GLY 174 GLY 244 243 247 248 241 
DKEPGPGDDGDPGFGGP -6.867500000000001 166 165 164 250 GLY 273 GLY 239 241 GLY 247 248 GLY 243 244 GLY 177 
KDKEPGPGDDGDPGFG -7.107499999999999 167 166 165 164 250 GLY 273 GLY 239 241 GLY 247 248 GLY 243 244 
SKVPGGFDPDGDVAES -8.982500000000002 170 171 172 174 GLY 244 243 247 248 241 GLY 239 137 138 139 140 
KVSGDKEGPGPGDDGD -6.424999999999999 171 172 170 GLY 166 165 164 GLY 250 GLY 273 GLY 239 241 GLY 247 
VKSGDKEPGPGDDGDP -7.547499999999999 172 171 170 GLY 166 165 164 250 GLY 273 GLY 239 241 GLY 247 248 
PGFGDPDDGVAESGKG -8.730000000000004 174 244 243 GLY 247 248 241 239 GLY 137 138 139 140 GLY 198 199 
PKPCDRDRGVGPPKGP -9.982500000000003 177 180 181 182 183 184 185 186 187 188 GLY 190 191 192 GLY 174 
KPCDRDRGVPPKGPGG -9.352500000000003 180 181 182 183 184 185 186 187 188 190 191 192 GLY 174 GLY 244 
PKCDRDRGVGPPKGPGG -10.342500000000005 181 180 182 183 184 185 186 187 188 GLY 190 191 192 GLY 174 GLY 244 
CDRDRGVPPKGKPGPGF -9.632500000000004 182 183 184 185 186 187 188 190 191 192 GLY 180 181 GLY 177 GLY 243 
DRDRGVPPKGKPCGGA -9.380000000000004 183 184 185 186 187 188 190 191 192 GLY 180 181 182 GLY GLY 138 
Next sequence does not have enough residue that fulfilled the requirement
RDRGVPPKGKPCD -8.397500000000003 184 185 186 187 188 190 191 192 GLY 180 181 182 183 
DRGVPPKGKPCDRGGA -9.380000000000004 185 186 187 188 190 191 192 GLY 180 181 182 183 184 GLY GLY 138 
RGVGDRDCPKKPPGGK -9.760000000000005 186 187 188 GLY 185 184 183 182 181 180 192 191 190 GLY GLY 204 
GRDRDCPKKPPGVGKG -10.972500000000004 187 186 185 184 183 182 181 180 192 191 190 GLY 188 GLY 198 199 
VGRDRDCPKKPPGGKGV -10.972500000000005 188 187 186 185 184 183 182 181 180 192 191 190 GLY GLY 204 GLY 206 
PPKKPCDRDRGVGKGGD -12.055000000000003 190 191 192 180 181 182 183 184 185 186 187 188 GLY 198 199 GLY 200 
PKKPCDRDRGVGPGGK -10.530000000000001 191 192 180 181 182 183 184 185 186 187 188 GLY 190 GLY GLY 204 
KPPGRDRDCPKGPGFG -10.242500000000003 192 191 190 187 186 185 184 183 182 181 180 GLY 177 GLY 243 244 
KGDVPKGVRFGDPGGG -8.287500000000005 198 199 200 201 202 204 GLY 206 207 212 GLY 210 209 GLY GLY 262 
GKGRGVGDRDCPKKPP -10.972500000000004 199 198 GLY 186 187 188 GLY 185 184 183 182 181 180 192 191 190 
DGKGRGVGDRDCPKKP -11.262500000000003 200 199 198 GLY 186 187 188 GLY 185 184 183 182 181 180 192 191 
VDGKGRGVGDRDCPKK -11.612500000000002 201 200 199 198 GLY 186 187 188 GLY 185 184 183 182 181 180 192 
PVDGKGRGVGDRDCPK -11.622500000000004 202 201 200 199 198 GLY 186 187 188 GLY 185 184 183 182 181 180 
KVRFGDPGGGDVGGGD -7.235000000000006 204 206 207 212 GLY 210 209 GLY GLY 262 263 264 GLY GLY 105 106 
VRFDPGGGDVGGGDPR -8.357500000000002 206 207 212 210 209 GLY GLY 262 263 264 GLY GLY 105 106 107 148 
RVKGPVDGKGRGVGDR -10.420000000000005 207 206 204 GLY 202 201 200 199 198 GLY 186 187 188 GLY 185 184 
PDFRVGKGPVDGKGRG -10.490000000000006 209 210 212 207 206 GLY 204 GLY 202 201 200 199 198 GLY 186 187 
DPRVGKGPVDGKGRGV -10.110000000000008 210 209 207 206 GLY 204 GLY 202 201 200 199 198 GLY 186 187 188 
FRVKGPVDGKGRGVGD -10.420000000000005 212 207 206 204 GLY 202 201 200 199 198 GLY 186 187 188 GLY 185 
PKPPKVGDRGGPGRDS -10.010000000000002 219 221 222 223 224 225 226 227 228 GLY GLY 146 GLY 148 149 150 
KPPKVGDRGPGRDSGP -9.21 221 222 223 224 225 226 227 228 GLY 146 GLY 148 149 150 GLY 107 
PKPKVGDRGGPGRDSP -10.13 222 221 223 224 225 226 227 228 GLY GLY 146 GLY 148 149 150 107 
PKVGDRGPGRDSGPDG -9.739999999999998 223 224 225 226 227 228 GLY 146 GLY 148 149 150 GLY 107 106 105 
KVGDRPPKGPGGPPGS -8.110000000000005 224 225 226 227 228 223 222 221 GLY 219 GLY 154 153 152 GLY 150 
VKPPKPGGPPGSDRGP -8.830000000000005 225 224 223 222 221 219 GLY 154 153 152 GLY 150 149 148 GLY 146 
GDRPKVGGPKGPGGPP -8.177500000000006 226 227 228 223 224 225 GLY GLY 222 221 GLY 219 GLY 154 153 152 
DRGVKPPKGPGGPPGS -8.790000000000006 227 228 226 225 224 223 222 221 GLY 219 GLY 154 153 152 GLY 150 
RDGVKPPKPGGPPGSD -8.942500000000004 228 227 226 225 224 223 222 221 219 GLY 154 153 152 GLY 150 149 
DDDPGFGGPGKPCDRD -9.26 239 241 247 248 GLY 243 244 GLY 177 GLY 180 181 182 183 184 185 
DDGVAESKGDVPGKGV -9.230000000000008 241 239 GLY 137 138 139 140 198 199 200 201 202 GLY 204 GLY 206 
FGDPDGDGVAESKGDV -9.422500000000005 243 244 247 248 241 GLY 239 GLY 137 138 139 140 198 199 200 201 
GFDPDDGVAESGKGDV -9.442500000000003 244 243 247 248 241 239 GLY 137 138 139 140 GLY 198 199 200 201 
DPGFGPGKPCDRDRGV -10.382500000000002 247 248 GLY 243 244 177 GLY 180 181 182 183 184 185 186 187 188 
PDFGPGKPCDRDRGVGP -11.245000000000005 248 247 243 244 177 GLY 180 181 182 183 184 185 186 187 188 GLY 190 
PEKDKGSKVGPGFGDP -8.369999999999997 250 164 165 166 167 GLY 170 171 172 GLY 174 244 243 GLY 247 248 
DDGDVGGDPRDSGPKGP -9.542500000000004 260 261 262 263 264 GLY 105 106 107 148 149 150 GLY 222 221 GLY 223 
DGDVGGDPRDSGPKGP -8.860000000000003 261 262 263 264 GLY 105 106 107 148 149 150 GLY 222 221 GLY 223 
GDVGGDPRDSGPKGPK -9.490000000000004 262 263 264 GLY 105 106 107 148 149 150 GLY 222 221 GLY 223 224 
DGDDGPPGSDRGPPGK -7.890000000000002 263 262 261 260 154 153 152 GLY 150 149 148 GLY 146 110 GLY 104 
VDGDDGPPGSDRGPPGK -8.682500000000003 264 263 262 261 260 154 153 152 GLY 150 149 148 GLY 146 110 GLY 104 
PGDDDGPFGGPGKPCD -8.1575 273 GLY 239 241 247 GLY 248 243 244 GLY 177 GLY 180 181 182 183 
ACRPGGDEASGDGVGGR -9.310000000000002 276 277 281 280 279 GLY 121 120 119 118 117 116 GLY 114 GLY GLY 228 
CAVAESGKGDVPGKGV -8.890000000000008 277 276 137 138 139 140 GLY 198 199 200 201 202 GLY 204 GLY 206 
GPRKKKDVGAVDPGGV -10.110000000000008 279 280 281 285 286 287 288 289 GLY 129 130 131 128 GLY GLY 114 
PRKKKDVGAVDPGGVGD -10.420000000000007 280 281 285 286 287 288 289 GLY 129 130 131 128 GLY GLY 114 GLY 116 
RPGCAGVAESGKGDVP -9.152500000000005 281 280 279 277 276 GLY 137 138 139 140 GLY 198 199 200 201 202 
PSKKKDVGAVDPGGVGD -9.770000000000007 283 284 285 286 287 288 289 GLY 129 130 131 128 GLY GLY 114 GLY 116 
SKKKDVGAVDPGGVGD -9.207500000000007 284 285 286 287 288 289 GLY 129 130 131 128 GLY GLY 114 GLY 116 
KKKDVGAVDPGGVGDG -8.577500000000008 285 286 287 288 289 GLY 129 130 131 128 GLY GLY 114 GLY 116 117 
KKDVGAVDPGGVGDGS -7.777500000000005 286 287 288 289 GLY 129 130 131 128 GLY GLY 114 GLY 116 117 118 
KKKSPRPGGCAVAESGK -11.475000000000005 287 286 285 284 283 281 280 279 GLY 277 276 137 138 139 140 GLY 198 
DKKKSPRPGGCAVAES -11.475000000000005 288 287 286 285 284 283 281 280 279 GLY 277 276 137 138 139 140 
VDKKKSPRPGGCAVAE -11.705000000000005 289 288 287 286 285 284 283 281 280 279 GLY 277 276 137 138 139 
