Analyzed structure = 2ocj_ST7
Energy matrix = MJ new potential one by one
Sequence =
DVPDKESPKGDGRGPR -9.392499999999998 96 97 98 99 100 101 102 103 104 105 106 GLY 148 GLY 146 228 
VDSKGHKDKEPGPGDD -8.509999999999998 97 96 170 171 GLY 168 167 166 165 164 250 GLY 273 GLY 239 241 
PDKESPKGDGRGPRDG -9.752499999999998 98 99 100 101 102 103 104 105 106 GLY 148 GLY 146 228 227 226 
DKESPKGDGRGPRDGV -9.6825 99 100 101 102 103 104 105 106 GLY 148 GLY 146 228 227 226 225 
KESPKGDGRGPRDGVK -10.402499999999998 100 101 102 103 104 105 106 GLY 148 GLY 146 228 227 226 225 224 
EKDPVDSKGHKDKEPGP -9.414999999999997 101 100 99 98 97 96 170 171 GLY 168 167 166 165 164 250 GLY 273 
SEKDPVDSKGHKDKEP -9.884999999999996 102 101 100 99 98 97 96 170 171 GLY 168 167 166 165 164 250 
PKGDGRGPRDGVKPPGK -10.682500000000003 103 104 105 106 GLY 148 GLY 146 228 227 226 225 224 223 222 GLY 221 
KGDGRGPRGDGVKPPK -10.040000000000003 104 105 106 GLY 148 GLY 146 228 GLY 227 226 225 224 223 222 221 
GDKPSEKDPVDGSKHK -9.724999999999996 105 106 104 103 102 101 100 99 98 97 96 GLY 170 171 168 167 
DGKPSEKDPVDSKGHK -9.774999999999997 106 105 104 103 102 101 100 99 98 97 96 170 171 GLY 168 167 
PKGDGRGPGRDGVKPP -9.320000000000002 110 104 105 106 GLY 148 GLY 146 GLY 228 227 226 225 224 223 222 
VHDGAEDGSGESGKGD -9.05 114 115 116 117 119 120 121 GLY 123 GLY 139 140 GLY 198 199 200 
HDGAEDGSGESGKGDV -8.900000000000002 115 116 117 119 120 121 GLY 123 GLY 139 140 GLY 198 199 200 201 
DHVGGAEDGSGESGKG -8.227500000000003 116 115 114 GLY 117 119 120 121 GLY 123 GLY 139 140 GLY 198 199 
GDHVGGPKGDVPGKGV -8.627500000000005 117 116 115 114 GLY GLY 233 198 199 200 201 202 GLY 204 GLY 206 
AEDSGESGKGDVPGKGV -9.420000000000003 119 120 121 123 GLY 139 140 GLY 198 199 200 201 202 GLY 204 GLY 206 
EDSGESGKGDVPGKGV -8.577500000000004 120 121 123 GLY 139 140 GLY 198 199 200 201 202 GLY 204 GLY 206 
DEAGDHVGGPGKGDVP -8.640000000000004 121 120 119 117 116 115 114 GLY GLY 233 GLY 198 199 200 201 202 
SESGKGDVPGKGVRRP -10.200000000000006 123 139 140 GLY 198 199 200 201 202 GLY 204 GLY 206 207 208 209 
PAVDGKKDVGKSPGPGE -9.580000000000005 128 129 130 131 GLY 286 287 288 289 GLY 285 284 283 GLY 280 GLY 120 
AVDPGKKDVGKSPGPGE -9.570000000000006 129 130 131 128 GLY 286 287 288 289 GLY 285 284 283 GLY 280 GLY 120 
VDAPGGKKDVGKSPPGE -9.370000000000005 130 131 129 128 GLY GLY 286 287 288 289 GLY 285 284 283 280 GLY 120 
DVAPGKKDVGKSPGPE -9.230000000000006 131 130 129 128 GLY 286 287 288 289 GLY 285 284 283 GLY 280 120 
KESGKGDVPGKVRRGP -10.200000000000006 136 139 140 GLY 198 199 200 201 202 GLY 204 206 207 208 GLY 209 
AESGKGDVPKGVRRPD -10.992500000000007 138 139 140 GLY 198 199 200 201 202 204 GLY 206 207 208 209 210 
ESGKGDVPKGVRRPDS -10.712500000000007 139 140 GLY 198 199 200 201 202 204 GLY 206 207 208 209 210 211 
SEAKGDGDDPGPEKDK -7.83 140 139 138 136 GLY 239 GLY 241 247 248 GLY 250 164 165 166 167 
PRDGVKPPKGGDGKGP -10.300000000000004 146 228 227 226 225 224 223 222 221 GLY GLY 200 199 198 GLY 233 
RPGRDGVKPPKGGDGK -10.300000000000004 148 146 GLY 228 227 226 225 224 223 222 221 GLY GLY 200 199 198 
SRGPGRDGVKPPKGGD -9.417500000000002 150 148 GLY 146 GLY 228 227 226 225 224 223 222 221 GLY GLY 200 
PPGDDGDVGGEKDPVD -8.6225 152 153 154 260 261 262 263 264 GLY GLY 101 100 99 98 97 96 
PGDDGDVGGEKDPVDGS -8.7425 153 154 260 261 262 263 264 GLY GLY 101 100 99 98 97 96 GLY 170 
GPPSGRGPGRDGVKPP -8.710000000000003 154 153 152 150 GLY 148 GLY 146 GLY 228 227 226 225 224 223 222 
PGPPGSGRGPRDGVKP -9.000000000000004 156 154 153 152 GLY 150 GLY 148 GLY 146 228 227 226 225 224 223 
EKDKHKSGDVPDKESP -9.724999999999996 164 165 166 167 168 171 170 GLY 96 97 98 99 100 101 102 103 
KEHKDGGSKGDVPDKE -8.799999999999995 165 164 168 167 166 GLY GLY 170 171 GLY 96 97 98 99 100 101 
DKEHKGSKGGDVPDKE -8.759999999999996 166 165 164 168 167 GLY 170 171 GLY GLY 96 97 98 99 100 101 
KHKSGDKEPGPGDGDD -7.977499999999999 167 168 171 170 GLY 166 165 164 250 GLY 273 GLY 239 GLY 241 247 
HKDKEPGPGDDGDPGF -7.017499999999998 168 167 166 165 164 250 GLY 273 GLY 239 241 GLY 247 248 GLY 243 
SKHKDKEPGPGDGDDP -8.43 170 171 168 167 166 165 164 250 GLY 273 GLY 239 GLY 241 247 248 
KSHKDKEPGPGDGDDP -7.629999999999999 171 170 168 167 166 165 164 250 GLY 273 GLY 239 GLY 241 247 248 
PKPPGDRDDPKGHPGF -9.252500000000001 174 192 191 190 GLY 185 184 183 182 181 180 GLY 178 177 244 243 
PHKPDDRDRGVGPPKP -10.295000000000002 177 178 180 181 182 183 184 185 186 187 188 GLY 190 191 192 174 
HPKPDDRDRGVGPPKP -9.935000000000002 178 177 180 181 182 183 184 185 186 187 188 GLY 190 191 192 174 
KPDDRDRGVPPKGPGK -9.492500000000003 180 181 182 183 184 185 186 187 188 190 191 192 GLY 174 GLY 171 
PKHPGGFDPDGDGKES -8.780000000000001 181 180 178 177 GLY 244 243 247 248 241 GLY 239 GLY 136 139 140 
DDRDRGVPPKGKPHPGG -10.415000000000003 182 183 184 185 186 187 188 190 191 192 GLY 180 181 178 177 GLY 244 
DRDRGVPPKGKPDHPGG -10.415000000000003 183 184 185 186 187 188 190 191 192 GLY 180 181 182 178 177 GLY 244 
RDRGVPPKGKPDDGHP -9.152500000000002 184 185 186 187 188 190 191 192 GLY 180 181 182 183 GLY 178 177 
DRDDPKHPGGFDPDGD -9.6825 185 184 183 182 181 180 178 177 GLY 244 243 247 248 241 GLY 239 
RGVDRDDPKGHPGGFD -9.902500000000002 186 187 188 185 184 183 182 181 180 GLY 178 177 GLY 244 243 247 
GRDRDDPKHPGGFDPD -10.784999999999998 187 186 185 184 183 182 181 180 178 177 GLY 244 243 247 248 241 
VGRDRDDPKHPGGFDP -10.835 188 187 186 185 184 183 182 181 180 178 177 GLY 244 243 247 248 
PPKKPDDRDRGVGKGD -11.565000000000001 190 191 192 180 181 182 183 184 185 186 187 188 GLY 198 199 200 
PKKPDDRDRGVGPGKGV -10.692500000000003 191 192 180 181 182 183 184 185 186 187 188 GLY 190 GLY 204 GLY 206 
KPPGDRDDPKHPGGFD -9.402500000000002 192 191 190 GLY 185 184 183 182 181 180 178 177 GLY 244 243 247 
KGDVPKGVRRPDSFGGK -10.762500000000006 198 199 200 201 202 204 GLY 206 207 208 209 210 211 212 GLY GLY 171 
GKDVPGKVRRGPDSFGK -11.392500000000007 199 198 200 201 202 GLY 204 206 207 208 GLY 209 210 211 212 GLY 171 
DGKPGSEAKGDGDDPGP -8.240000000000002 200 199 198 233 GLY 140 139 138 136 GLY 239 GLY 241 247 248 GLY 250 
VDGKPGSEAKGDGDDP -8.590000000000002 201 200 199 198 233 GLY 140 139 138 136 GLY 239 GLY 241 247 248 
PVDGKPGSEAKGDGDD -8.870000000000003 202 201 200 199 198 233 GLY 140 139 138 136 GLY 239 GLY 241 247 
KVRRPDSFGGKSHKDK -10.182500000000003 204 206 207 208 209 210 211 212 GLY GLY 171 170 168 167 166 165 
VRRPDSFGKSGHKDKE -10.372499999999999 206 207 208 209 210 211 212 GLY 171 170 GLY 168 167 166 165 164 
RRPDSFGKSGHKDKEP -9.6025 207 208 209 210 211 212 GLY 171 170 GLY 168 167 166 165 164 250 
RRVKGPVDGKGPSEAGK -10.202500000000004 208 207 206 204 GLY 202 201 200 199 198 GLY 233 140 139 138 GLY 136 
PRRVKGPVDGKGPSEA -10.772500000000004 209 208 207 206 204 GLY 202 201 200 199 198 GLY 233 140 139 138 
DSFRRPGVGKGPVDGK -9.970000000000006 210 211 212 207 208 209 GLY 206 GLY 204 GLY 202 201 200 199 198 
SDPRRVKGPVDGKGPS -10.712500000000006 211 210 209 208 207 206 204 GLY 202 201 200 199 198 GLY 233 140 
FSDPRRVKGPVDGKGP -10.712500000000006 212 211 210 209 208 207 206 204 GLY 202 201 200 199 198 GLY 233 
KPPKVGDRPGRGSGPP -8.710000000000003 221 222 223 224 225 226 227 228 146 GLY 148 GLY 150 GLY 152 153 
PKPKVGDRGPGRGSGP -9.187500000000002 222 221 223 224 225 226 227 228 GLY 146 GLY 148 GLY 150 GLY 152 
PKVGDRPGRGSGPKGGD -9.537500000000001 223 224 225 226 227 228 146 GLY 148 GLY 150 GLY 222 221 GLY GLY 200 
KVGDRPGRGSGPKGPGS -8.387500000000001 224 225 226 227 228 146 GLY 148 GLY 150 GLY 222 221 GLY 223 GLY 231 
Next sequence does not have enough residue that fulfilled the requirement
VKPPKGGRDG -6.237500000000002 225 224 223 222 221 GLY GLY 228 227 226 
GDRKVGPPKGGDGKGP -9.567500000000003 226 227 228 224 225 GLY 223 222 221 GLY GLY 200 199 198 GLY 233 
DRKVGGGPPKGGDGKP -9.617500000000003 227 228 224 225 226 GLY GLY 223 222 221 GLY GLY 200 199 198 233 
RDGVKPPKGDGKGPGS -9.650000000000004 228 227 226 225 224 223 222 221 GLY 200 199 198 GLY 233 GLY 140 
SPGKGDVPKGVRRPDS -10.712500000000007 231 233 GLY 198 199 200 201 202 204 GLY 206 207 208 209 210 211 
PKGDVPGKGVRRPDSF -10.762500000000006 233 198 199 200 201 202 GLY 204 GLY 206 207 208 209 210 211 212 
DDDPGPEKDKHGKSDV -9.122499999999997 239 241 247 248 GLY 250 164 165 166 167 168 GLY 171 170 96 97 
DDGKESGKGDVPGKGV -8.767500000000005 241 239 GLY 136 139 140 GLY 198 199 200 201 202 GLY 204 GLY 206 
FGDPDGDGKESGKGDV -8.960000000000003 243 244 247 248 241 GLY 239 GLY 136 139 140 GLY 198 199 200 201 
GFDPDDGKGESGKGDV -8.98 244 243 247 248 241 239 GLY 136 GLY 139 140 GLY 198 199 200 201 
DPDDGKGESGKGDVPK -9.170000000000002 247 248 241 239 GLY 136 GLY 139 140 GLY 198 199 200 201 202 204 
PDFGGPHKPDDRDRGV -11.115000000000004 248 247 243 244 GLY 177 178 180 181 182 183 184 185 186 187 188 
PEKDKHKSGDVPDKES -10.004999999999995 250 164 165 166 167 168 171 170 GLY 96 97 98 99 100 101 102 
DDGDVGGEKDPVDSKGH -9.4925 260 261 262 263 264 GLY GLY 101 100 99 98 97 96 170 171 GLY 168 
DGDVGGEKDPVDSKGH -8.809999999999999 261 262 263 264 GLY GLY 101 100 99 98 97 96 170 171 GLY 168 
GDVGGEKDPVDSKGHK -8.72 262 263 264 GLY GLY 101 100 99 98 97 96 170 171 GLY 168 167 
DGDDGPPGSRGPGRDG -8.680000000000003 263 262 261 260 154 153 152 GLY 150 148 GLY 146 GLY 228 227 226 
VDGDDGPPGSRGPGRD -8.740000000000002 264 263 262 261 260 154 153 152 GLY 150 148 GLY 146 GLY 228 227 
PDGDDPGPEKDKHGKS -8.62 273 239 GLY 241 247 248 GLY 250 164 165 166 167 168 GLY 171 170 
AAEDGSGESGKGDVPGK -9.220000000000002 276 277 120 121 GLY 123 GLY 139 140 GLY 198 199 200 201 202 GLY 204 
AAKESGKGDVPGKGVR -9.640000000000006 277 276 136 139 140 GLY 198 199 200 201 202 GLY 204 GLY 206 207 
PEDGSGESGKGDVPKGV -9.420000000000003 280 120 121 GLY 123 GLY 139 140 GLY 198 199 200 201 202 204 GLY 206 
PSKKKDVGVDGAPGHD -9.920000000000003 283 284 285 286 287 288 289 GLY 130 131 GLY 129 128 GLY 115 116 
SKKKDVGVDGAPGHDG -10.090000000000003 284 285 286 287 288 289 GLY 130 131 GLY 129 128 GLY 115 116 117 
KKKDVGVDGAPGHDGGA -9.180000000000005 285 286 287 288 289 GLY 130 131 GLY 129 128 GLY 115 116 117 GLY 119 
KKDVGKSPPGEDSGES -8.97 286 287 288 289 GLY 285 284 283 280 GLY 120 121 123 GLY 139 140 
KKKSPPGEDSGESGKG -9.620000000000001 287 286 285 284 283 280 GLY 120 121 123 GLY 139 140 GLY 198 199 
DKKKSPPGEDSGESGK -10.25 288 287 286 285 284 283 280 GLY 120 121 123 GLY 139 140 GLY 198 
VDKKKSPPGEDSGESGK -11.0425 289 288 287 286 285 284 283 280 GLY 120 121 123 GLY 139 140 GLY 198 
