Analyzed structure = 2ocj
Energy matrix = KK new potential one by one
Sequence =
QAAQSDARSAQGDGRGR -22.8617895 96 97 98 99 100 101 102 103 104 105 106 110 146 228 
AQARGHSQSDAGDGNQ -17.000578000000004 97 96 170 171 168 167 166 165 164 250 273 239 241 
AQSDARSAQGDGRGRQ -22.424668000000004 98 99 100 101 102 103 104 105 106 110 146 228 227 
QSDARSAQGDGRGRQA -23.027148 99 100 101 102 103 104 105 106 110 146 228 227 226 
SDARSAQGDGRGRQAA -22.992358 100 101 102 103 104 105 106 110 146 228 227 226 225 
DSQAAQARGHSQSDAGD -18.078651000000008 101 100 99 98 97 96 170 171 168 167 166 165 164 250 273 
ADSQAAQARGHSQSDA -14.887501000000004 102 101 100 99 98 97 96 170 171 168 167 166 165 164 250 
RSAQGDGRGRQAARAA -24.161178000000003 103 104 105 106 110 146 228 227 226 225 224 223 222 
SRADSQAAQARGHSQS -14.593831000000002 104 103 102 101 100 99 98 97 96 170 171 168 167 166 165 
AQSRADSQAAQGARHS -14.593831000000002 105 106 104 103 102 101 100 99 98 97 96 170 171 168 167 
QASRADSQAAQARGHS -15.196311000000001 106 105 104 103 102 101 100 99 98 97 96 170 171 168 167 
DRGRQAARAARGDGAA -28.458248 110 146 228 227 226 225 224 223 222 221 156 154 153 
VHQAADQGAGDASGAA -12.006108000000005 114 115 116 117 119 120 121 123 139 138 136 276 277 
HQAADQGAGDASGAAD -16.957588 115 116 117 119 120 121 123 139 138 136 276 277 280 
QAADQGAGDASGAADGD -21.859698 116 117 119 120 121 123 139 138 136 276 277 280 283 
AQHVGGADAGSGAADD -18.287366499999997 117 116 115 114 123 139 138 136 276 277 280 283 
ADQAGDAGSAAGDDAR -24.986197999999998 119 120 121 123 139 138 136 276 277 280 283 284 285 
DADGDARRRNVGAAGV -29.973778 120 119 280 283 284 285 286 287 288 289 129 128 130 
QDADGDARRRNVGAAGV -32.207609500000004 121 120 119 280 283 284 285 286 287 288 289 129 128 130 
ADAGSAAGDDARRRNV -32.30848949999999 123 139 138 136 276 277 280 283 284 285 286 287 288 289 
AAVNGDGAGDNAVGQN -16.1627565 128 129 130 131 273 250 248 247 244 243 241 239 
AAVNGGDGADNGAVGQ -15.104525000000002 129 128 130 131 273 250 248 247 244 243 241 
VAANGGDGADNGAVQGN -16.195966499999997 130 129 128 131 273 250 248 247 244 243 241 239 
Next sequence does not have enough residue that fulfilled the requirement
NVAAGGDARRRNV -23.423444999999994 131 130 129 128 283 284 285 286 287 288 289 
SDAGAGRANVDRGVRR -32.289778 136 139 138 140 198 199 200 201 202 204 206 207 208 
ADAGRANVDRGVRRDN -36.9941995 138 139 140 198 199 200 201 202 204 206 207 208 209 210 
DASGAADDARRRNVGGA -31.200009499999993 139 138 136 276 277 280 283 284 285 286 287 288 289 129 
ADASGAADDARRRNVGGA -33.433840999999994 140 139 138 136 276 277 280 283 284 285 286 287 288 289 129 
RDSRADSQAAQGARGH -18.9730695 146 110 104 103 102 101 100 99 98 97 96 170 171 168 
RRGDSRADSQAAQGAR -21.6886595 148 146 110 104 103 102 101 100 99 98 97 96 170 171 
ARGRDGSRADSQAAQGA -22.242739500000003 150 148 146 110 104 103 102 101 100 99 98 97 96 170 
AAADGQQANVGGDSQA -13.788318000000004 152 153 154 156 260 261 262 263 264 101 100 99 98 
AADGQQANVGGDSQAA -13.804488000000003 153 154 156 260 261 262 263 264 101 100 99 98 97 
AAAAGRGRDGSRADSQ -21.703698000000003 154 153 152 150 148 146 110 104 103 102 101 100 99 
DAAAGAGRGRDGSRAD -21.783306500000002 156 154 153 152 150 148 146 110 104 103 102 101 
DSQSHRAGQAAQSDAR -14.593831000000002 164 165 166 167 168 171 170 96 97 98 99 100 101 102 103 
SDQSHGRAQAAQSDAR -16.304791 165 164 166 167 168 171 170 96 97 98 99 100 101 102 103 
QSDHSGARGGDSAAGQ -16.544826500000003 166 165 164 168 167 170 171 174 192 191 190 185 
SQSDHGRAGQAAQSDA -14.399019500000001 167 166 165 164 168 171 170 96 97 98 99 100 101 102 
HSQSDAGDGNQDNGAV -17.996358 168 167 166 165 164 250 273 239 241 248 247 244 243 
ARHSQSDAGDGNGQDN -21.801178 170 171 168 167 166 165 164 250 273 239 241 248 247 
RAGQSDGHSGGAQARGR -12.780876500000002 171 170 166 165 164 168 167 97 96 211 212 207 
DSAAGQRQADRGHAAV -21.206919500000005 174 192 191 190 185 184 183 182 181 180 178 177 244 243 
AHDRSAAGQRQAGGRA -25.745758000000002 177 178 181 180 192 191 190 185 184 183 182 186 187 
HADRSAAGGQRQAGGR -24.6188165 178 177 181 180 192 191 190 185 184 183 182 186 
RDAQRQRAVAASGDGGR -31.690019500000005 180 181 182 183 184 185 186 187 188 190 191 192 174 207 
DRSAAGQRQAHAGAVGQ -16.304809500000005 181 180 192 191 190 185 184 183 182 178 177 244 243 241 
ADRSAAGQRQGRAVGGD -30.647318000000006 182 181 180 192 191 190 185 184 183 186 187 188 202 
QRQRAVAASGDGGRRD -36.103508000000005 183 184 185 186 187 188 190 191 192 174 207 208 209 
RQRAVAASGDGGRRDN -31.083318000000006 184 185 186 187 188 190 191 192 174 207 208 209 210 
QRQADRSAAGVARGRA -31.184339500000004 185 184 183 182 181 180 192 191 190 188 187 186 198 199 
RAVQRQADRGSAAGGD -25.710958000000005 186 187 188 185 184 183 182 181 180 192 191 190 174 
ARQRQADRSAAGVGDV -30.4492895 187 186 185 184 183 182 181 180 192 191 190 188 202 201 
VARQRQADRSAAGGDGGR -36.1222195 188 187 186 185 184 183 182 181 180 192 191 190 174 207 
AASDGGRRDNARGRAGGQ -30.562268000000003 190 191 192 174 207 208 209 210 211 212 171 170 166 
ASDGGRRDNARGRAGGQ -30.0903565 191 192 174 207 208 209 210 211 212 171 170 166 
SAAGQRQADRHAGAVQ -21.2069195 192 191 190 185 184 183 182 181 180 178 177 244 243 241 
RANVDRGVRRDNARGGD -36.3708395 198 199 200 201 202 204 206 207 208 209 210 211 212 174 
ARGADASGAADGDARR -31.971297999999997 199 198 140 139 138 136 276 277 280 283 284 285 286 
NARGADASGAADGDAR -28.225748 200 199 198 140 139 138 136 276 277 280 283 284 285 
VDRGVRRDNARGGDSA -35.396778 201 202 204 206 207 208 209 210 211 212 174 192 191 
DVNARGADASGAADGD -23.692038000000004 202 201 200 199 198 140 139 138 136 276 277 280 283 
RDVNARGADAGSAAGD -23.692038000000004 204 202 201 200 199 198 140 139 138 136 276 277 280 
VRRDNARGDGSAAGQR -31.081958 206 207 208 209 210 211 212 174 192 191 190 185 184 
RRDNARGDGSAAGQRQ -26.179848 207 208 209 210 211 212 174 192 191 190 185 184 183 
RRVRGDVNARGADAGS -27.387668 208 207 206 204 202 201 200 199 198 140 139 138 136 
DRRVRGDVNARGADAGS -32.8126495 209 208 207 206 204 202 201 200 199 198 140 139 138 136 
NDRRVRGDVNARGADA -37.71475949999999 210 209 208 207 206 204 202 201 200 199 198 140 139 138 
ARRRDNGQAAQSDARS -25.433511000000006 211 212 207 208 209 210 96 97 98 99 100 101 102 103 104 
RANDRRVRGDVNARGA -35.2666695 212 211 210 209 208 207 206 204 202 201 200 199 198 140 
RAARAAQRRGDSRADS -27.681731 221 222 223 224 225 226 227 228 146 110 104 103 102 101 100 
ARARAAQRGRDGSRAD -31.557849499999996 222 221 223 224 225 226 227 228 146 110 104 103 102 101 
ARAAQRRGDSRADSQA -27.732691 223 224 225 226 227 228 146 110 104 103 102 101 100 99 98 
RAAQRRGDSRADSQAA -23.349871000000004 224 225 226 227 228 146 110 104 103 102 101 100 99 98 97 
Next sequence does not have enough residue that fulfilled the requirement
ARAARGGRQA -17.758830500000002 225 224 223 222 221 228 227 226 
AQRRAGAARGDGAAAGA -25.122018000000004 226 227 228 224 225 223 222 221 156 154 153 152 150 
QRRAAGGAARGDAAAGA -25.724497999999997 227 228 224 225 226 223 222 221 156 154 153 152 150 
RQAARAARGDAAAGAGR -26.247369499999998 228 227 226 225 224 223 222 221 156 154 153 152 150 148 
AHGRANVDRGVRRDNA -35.233869500000004 231 233 198 199 200 201 202 204 206 207 208 209 210 211 
HRANVDGRGVRRDNAR -35.816759499999996 233 198 199 200 201 202 204 206 207 208 209 210 211 212 
NDGAGDNAVGQGGAAD -20.828075 239 273 250 248 247 244 243 241 276 277 280 
QDNAVGGHADRSGAAGQ -20.600218000000005 241 248 247 244 243 178 177 181 180 192 191 190 185 
VAAHGDRSAAGQRQAGGR -26.217669500000007 243 244 177 178 181 180 192 191 190 185 184 183 182 186 
AVQDNGGDGAGDSQSH -16.939716500000003 244 243 241 248 247 273 250 164 165 166 167 168 
NDQVAGAHGDRSAAGQ -20.718298000000004 247 248 241 243 244 177 178 181 180 192 191 190 185 
DNAVGQNGDGADSQSH -13.044878000000004 248 247 244 243 241 239 273 250 164 165 166 167 168 
ADGNGQDNAVGGHADR -24.963296500000002 250 273 239 241 248 247 244 243 178 177 181 180 
QQANVGDGAAAGARGR -19.106246499999997 260 261 262 263 264 156 154 153 152 150 148 146 
QANVGDGAAAGARGRGD -24.008356499999998 261 262 263 264 156 154 153 152 150 148 146 110 
AQQDGAAAGARGRGDS -23.608126500000004 262 261 260 156 154 153 152 150 148 146 110 104 
NAQQDGAAAGARGRGD -24.210606500000004 263 262 261 260 156 154 153 152 150 148 146 110 
VNAQQDGAAAGARGRGD -24.615398 264 263 262 261 260 156 154 153 152 150 148 146 110 
DAGDNAVGQNGGSDAGA -13.157286500000001 273 250 248 247 244 243 241 239 136 139 138 140 
AADDARRRNVGGAAVN -29.741839499999998 276 277 280 283 284 285 286 287 288 289 129 128 130 131 
AASDAGAGRANVDGRGV -23.088037999999997 277 276 136 139 138 140 198 199 200 201 202 204 206 
DDARRRNVGAAGVNGGD -29.253217999999997 280 283 284 285 286 287 288 289 129 128 130 131 273 
DARRRNVGAAVNGGDGA -24.300147999999997 283 284 285 286 287 288 289 129 128 130 131 273 250 
ADDGDAAQHVGGAGDA -20.635056500000005 284 283 280 120 119 117 116 115 114 123 139 138 
RRRNVGDAGDGDAAQH -27.422468 285 286 287 288 289 283 284 280 120 119 117 116 115 
RRNVGRADDGDAAQHV -27.8611695 286 287 288 289 285 284 283 280 120 119 117 116 115 114 
RRRADDGDAAQHVGGA -27.523978 287 286 285 284 283 280 120 119 117 116 115 114 123 
NRRRADDGDAAQHVGGA -32.3948795 288 287 286 285 284 283 280 120 119 117 116 115 114 123 
VNRRRADDGDAAQHVGGA -32.799671 289 288 287 286 285 284 283 280 120 119 117 116 115 114 123 
