Analyzed structure = 2ocj
Energy Matrix = KK new potential one by all
Sequence =
AAAWDWWWATAGRGDD -28.564887000000006 96 97 98 99 100 101 102 103 104 105 106 148 146 110 
AAWDWWWATAGRGDDGGR -30.881387000000004 97 98 99 100 101 102 103 104 105 106 148 146 110 228 
AWDWWWATAGRGDDGGR -29.541592500000007 98 99 100 101 102 103 104 105 106 148 146 110 228 
WDWWWATAGRGDDGGR -27.925146500000004 99 100 101 102 103 104 105 106 148 146 110 228 
DWAAARDDRRRGRGED -56.03574999999999 100 99 98 97 96 211 210 209 208 207 206 204 202 201 
WWWATAGRGDDGGRRA -33.403526500000005 101 102 103 104 105 106 148 146 110 228 227 226 
WWDWAAARDDRRRGRGE -54.898599 102 101 100 99 98 97 96 211 210 209 208 207 206 204 202 
WWWDWAAARDDRRRGR -52.426879 103 102 101 100 99 98 97 96 211 210 209 208 207 206 204 
ATAGRGDDGGRRARRR -41.862301 104 105 106 148 146 110 228 227 226 225 224 223 
TAAWWWDWAAAGRDDR -35.327052 105 106 104 103 102 101 100 99 98 97 96 211 210 209 208 
ATAWWWDWAAARDDRR -45.2623395 106 105 104 103 102 101 100 99 98 97 96 211 210 209 208 207 
DDGRAGRRRRARRGGR -41.760371 110 146 148 150 222 223 224 225 226 227 228 221 
HHAAAAAGWGDAWGAD -22.0927925 114 115 116 117 119 120 121 123 277 276 136 139 140 
HAAAAAGWGDAWGADR -24.994354000000005 115 116 117 119 120 121 123 277 276 136 139 140 233 
AAAAAGWGDAWGADRGR -26.504554000000006 116 117 119 120 121 123 277 276 136 139 140 233 198 
AAHHGGRRRDDEGRGR -35.670812 117 116 115 114 233 198 199 200 201 202 204 206 
AAAWGDAGWADGRRRD -30.3673255 119 120 121 123 277 276 136 139 140 233 198 199 200 
AADGDRRRRRRGRAGA -71.69586299999999 120 119 280 283 284 285 286 287 288 289 129 128 130 
AAADGDRRRRRRGRAGA -73.09995749999997 121 120 119 280 283 284 285 286 287 288 289 129 128 130 
WDAGWADGRRRDDEGR -39.356431 123 277 276 136 139 140 233 198 199 200 201 202 204 
ARAVGRRRRGRRDGDD -73.81845299999999 128 129 130 131 286 287 288 289 285 284 283 280 277 
RAAVGGRRRRGRRDDGD -73.42344999999999 129 128 130 131 286 287 288 289 285 284 283 280 277 
ARAVGGRRRRGRRDDGD -73.91868149999998 130 129 128 131 286 287 288 289 285 284 283 280 277 
VARAGRRRRGRRDGDD -74.83358299999999 131 130 129 128 286 287 288 289 285 284 283 280 277 
WDAGGDDRRRRRRGGR -73.35325849999998 136 277 276 280 283 284 285 286 287 288 289 129 
DADRGRRDDERGRRRD -59.02063999999999 138 139 140 233 198 199 200 201 202 204 206 207 208 209 
ADRGRRDDERGRRRDD -62.2411785 139 140 233 198 199 200 201 202 204 206 207 208 209 210 
DADWGDAGGDDRRRRR -73.62081299999998 140 139 138 136 277 276 280 283 284 285 286 287 288 
DRGAGRRRRARRGGDGA -38.856320999999994 146 148 150 222 223 224 225 226 227 228 110 104 
RDGDATAGGAGRRRRA -29.9627995 148 146 110 104 105 106 150 222 223 224 225 226 
ARGDDGATAGGAAAGD -28.536473 150 148 146 110 104 105 106 152 153 154 156 
AAADGAAAAVGGWWDW -24.575947000000003 152 153 154 156 260 261 262 263 264 102 101 100 99 
AADGAAAAVGGWWDWA -23.846567000000007 153 154 156 260 261 262 263 264 102 101 100 99 98 
AAAAGRGDDGATAGWW -24.94405050000001 154 153 152 150 148 146 110 104 105 106 103 102 
DAAAGAGRGDDGATAGW -24.92832050000001 156 154 153 152 150 148 146 110 104 105 106 103 
WDSSRRRAAWDWWWAT -27.287788000000006 164 165 166 167 168 171 170 97 98 99 100 101 102 103 104 105 
DWRSSGGRRGDDGRAGR -36.70554550000001 165 164 168 167 166 170 171 174 192 191 190 185 
SDWRSGRRGGDDRAGR -37.4702585 166 165 164 168 167 170 171 174 192 191 190 185 
SRRRAAWDWWWATAGGR -29.44623450000001 167 168 171 170 97 98 99 100 101 102 103 104 105 106 148 
RSSDWWGDGQEEDGAA -33.240521 168 167 166 165 164 250 273 239 241 248 247 244 243 
RRRSSDWWGDGQGEED -37.232664 170 171 168 167 166 165 164 250 273 239 241 248 247 
RRRSSDWWGDGQGEED -37.213212500000004 171 170 168 167 166 165 164 250 273 239 241 248 247 
DDRAGRRRDDDRAGGA -43.619107500000005 174 192 191 190 185 184 183 182 181 180 177 178 244 
RADDRRRRRRGARDDGGR -58.011875 177 178 181 182 183 184 185 186 187 188 190 191 192 174 207 
ARDDRRRRRRGARDDGGR -61.268615 178 177 181 182 183 184 185 186 187 188 190 191 192 174 207 
DDDRRRRRRARDGDGGR -57.2348605 180 181 182 183 184 185 186 187 188 190 191 192 174 207 
DDRRRRRRARDGDGGR -51.968956 181 182 183 184 185 186 187 188 190 191 192 174 207 
DDDDRAGRRRGGRAGGD -42.601678500000006 182 181 180 192 191 190 185 184 183 177 178 174 
RDDDDRAGRRGRRRGGR -47.282099 183 182 181 180 192 191 190 185 184 186 187 188 206 
RRRRRARDGDGGRRDD -57.7170575 184 185 186 187 188 190 191 192 174 207 208 209 210 
RRRDDDDRAGRRRGGD -42.447399000000004 185 184 183 182 181 180 192 191 190 188 187 186 200 
RRRRDDDDRAGRRGGR -48.22362600000001 186 185 184 183 182 181 180 192 191 190 188 187 204 
RRRRRDDDGDRAGRRD -63.5441665 187 188 185 184 183 182 181 180 192 191 190 207 208 209 
RRRRRRDDDDRAGRRD -65.122934 188 187 186 185 184 183 182 181 180 192 191 190 207 208 209 
ARDDGGRRDDRRGRGR -59.43949550000001 190 191 192 174 207 208 209 210 211 212 206 204 
RDDGGRRDDRRGRGRGE -61.770914 191 192 174 207 208 209 210 211 212 206 204 202 
DRAGRRRDDDRAGGDGGR -53.660973 192 191 190 185 184 183 182 181 180 177 178 174 207 
RRDDERGRRRDDRRGGD -68.34769849999999 198 199 200 201 202 204 206 207 208 209 210 211 212 174 
RDDERGRRRDDRRGGD -66.39133399999999 199 200 201 202 204 206 207 208 209 210 211 212 174 
DDERGRRRDDRRGGDD -66.224077 200 201 202 204 206 207 208 209 210 211 212 174 192 
DDRRRGDADWGDAGGD -37.7684795 201 200 199 198 233 140 139 138 136 277 276 280 
EDDRRRGDADWGDAGGD -42.221642499999994 202 201 200 199 198 233 140 139 138 136 277 276 280 
RRRRDDRRGGDGDRAGR -63.7091545 204 206 207 208 209 210 211 212 174 192 191 190 185 
RRRDDRRGDGDRAGRR -61.3585475 206 207 208 209 210 211 212 174 192 191 190 185 184 
RRDDRRGDGDRAGRRR -54.4950475 207 208 209 210 211 212 174 192 191 190 185 184 183 
RRRRGEDDRRGRDADGW -50.516733999999985 208 207 206 204 202 201 200 199 198 233 140 139 138 136 
DRRRRGEDDRRGRDAD -54.94309849999999 209 208 207 206 204 202 201 200 199 198 233 140 139 138 
DDRRRRGEDDRRGRDA -59.020639999999986 210 209 208 207 206 204 202 201 200 199 198 233 140 139 
RDDRRRRGEDDRRGRD -62.24117849999998 211 210 209 208 207 206 204 202 201 200 199 198 233 140 
RRDDRRRRGEDDRRGR -64.43527999999999 212 211 210 209 208 207 206 204 202 201 200 199 198 233 
RRRRRARRDGRGAGAA -40.7590655 221 222 223 224 225 226 227 228 146 148 150 152 153 
RRRRARRDGRGAGAAA -40.84166400000001 222 223 224 225 226 227 228 146 148 150 152 153 154 
RRRARRDGRGAGRRGD -39.514755 223 224 225 226 227 228 146 148 150 222 221 156 
RRRRGGRRGDRGAGAA -38.0502935 224 223 222 221 227 228 146 148 150 152 153 
RRRRRGGRRGDRGAGA -38.324715000000005 225 224 223 222 221 227 228 146 148 150 152 
ARRRRRGGRRGAGRGD -39.7671365 226 227 228 223 224 225 221 222 150 148 146 
RRRRRAGGRRGDGAAA -34.3737795 227 228 223 224 225 226 222 221 156 154 153 152 
RRARRRRRGDAAAGAGR -43.92183700000001 228 227 226 225 224 223 222 221 156 154 153 152 150 148 
ARGRRDDERGRRRDDR -64.43527999999999 231 233 198 199 200 201 202 204 206 207 208 209 210 211 
RRRDDEGRGRRRDDRR -66.02629999999999 233 198 199 200 201 202 204 206 207 208 209 210 211 212 
QDGWGEDEGAAGRADD -40.344776499999995 239 273 250 248 247 241 243 244 177 178 181 182 
EEDAAGGRADDRRRRR -47.266056 241 248 247 244 243 177 178 181 182 183 184 185 186 187 
AADEEGQGDWGWDSSR -34.954964 243 244 247 248 241 239 273 250 164 165 166 167 168 
AAEEDGGDGDRAGRRR -43.981964000000005 244 243 241 248 247 174 192 191 190 185 184 183 
DEEAAGRAGDDRRRRR -47.531906 247 248 241 243 244 177 178 181 182 183 184 185 186 187 
EDEAAGRAGDDRRRRR -47.266056 248 247 241 243 244 177 178 181 182 183 184 185 186 187 
WDGQGEEDAAGGRADD -38.9422565 250 273 239 241 248 247 244 243 177 178 181 182 
AAAAVGDGAAAGARGD -27.7100405 260 261 262 263 264 156 154 153 152 150 148 146 
AADGAAAGARGDGDAT -29.894487500000004 261 260 156 154 153 152 150 148 146 110 104 105 
AAADGAAAGARGDGDA -31.115687500000007 262 261 260 156 154 153 152 150 148 146 110 104 
AAAADGAAAGARGDGD -31.733309000000006 263 262 261 260 156 154 153 152 150 148 146 110 
VAAAADGAAAGARGDGD -33.610145 264 263 262 261 260 156 154 153 152 150 148 146 110 
DWGEDEGAAGRADDRR -41.3886355 273 250 248 247 241 243 244 177 178 181 182 183 184 
ADDDRRRRRRGGRAAV -75.41571599999997 276 277 280 283 284 285 286 287 288 289 129 128 130 131 
DAWADGRRRDDEGRGR -39.9435995 277 276 136 139 140 233 198 199 200 201 202 204 206 
DDRRRRRRGRAGAVGGD -65.73139849999998 280 283 284 285 286 287 288 289 129 128 130 131 273 
DRRRRRRGRAAVGGDGW -57.584406999999985 283 284 285 286 287 288 289 129 128 130 131 273 250 
RDRRRRGRGDGDAWGA -69.9324785 284 283 286 287 288 289 285 280 277 276 136 139 
RRRRRGDRGDDAGWAD -69.91954299999999 285 286 287 288 289 283 284 280 277 276 136 139 140 
RRRRGRRDDDAGWADGR -68.24605599999998 286 287 288 289 285 284 283 280 277 276 136 139 140 233 
RRRRDDDAGWADGRRR -67.02362599999998 287 286 285 284 283 280 277 276 136 139 140 233 198 199 
RRRRRDDDAGWADGRR -72.3573275 288 287 286 285 284 283 280 277 276 136 139 140 233 198 
RRRRRRDDDAGWADGR -77.450319 289 288 287 286 285 284 283 280 277 276 136 139 140 233 
