potential =  MJ_original_pot.txt
original sequence =  p53_C_357_393.txt

2 ERGGDDDDDDHEEEEE -19.11 0.522872707376835 367 -18.43 0 7.00175954980323
3 RGGDDDDDDHEEEEED -19.41 0.289062682385899 359 -19.41 0 6.42462685809539
4 GGDDDDDDHEEEEEDN -19.22 0.334419832980419 360 -19.22 0 8.61556329795598
5 GDDDDDDHEEEEEDNN -19.05 0.379640498055191 361 -19.05 0 8.61556329795598
6 DDDDDDHEEEEEDNND -18.97 0.547009290889706 366 -20.14 1 10.8064997378166
7 DDDDDHEEEEEDNNDD -19.08 0.544981028715117 366 -19.45 1 11.0245095112485
8 DDDDHEEEEEDNNDDD -19.71 0.474287192998965 364 -19.71 0 11.1655748406346
9 DDDHEEEEEDNNDDDE -20.82 0.555794040415573 366 -20.89 0 11.2331096414381
10 DDHEEEEEDNNDDDEE -22.58 0.562448707996008 366 -22.58 0 11.2280999078347
11 DHEEEEEDNNDDDEEE -23.01 0.562153922030175 367 -23.01 0 11.1493244567046
12 HEEEEEDNNDDDEEEW -22.17 0.530586121162888 368 -22.17 0 9.04677636449236
13 EEEEEDNNDDDEEEWF -22.83 0.526746711265321 369 -22.83 0 9.04677636449236
14 EEEEDNNDDDEEEWFW -22.32 0.503452159435903 370 -22.32 0 7.31181918866027
15 EEEDNNDDDEEEWFWE -22.29 0.479662108600872 371 -22.29 0 7.64185562042668
16 EEDNNDDDEEEWFWEE -21.08 0.456783741872297 372 -21.08 0 7.83687983789171
17 EDNNDDDEEEWFWEEK -19.82 0.384508802434254 373 -19.82 0 4.47548652313616
18 DNNDDDEEEWFWEEKR -18.89 0.32684295090003 374 -18.89 0 1.72108704252704
19 NNDDDEEEWFWEEKRR -18.65 0.296997407231872 375 -18.65 0 -0.406514134494871
20 NDDDEEEWFWEEKRRR -18.92 0.2542983600976 376 -18.92 0 -1.68026515546095
21 DDDEEEWFWEEKRRRR -19.99 0.195343416273649 377 -19.99 0 -2.91167074448894

11 DHEEEEEDNNDDDEEE -23.01 0.562153922030175 367 -23.01 0 11.1493244567046
10 DDHEEEEEDNNDDDEE -22.58 0.562448707996008 366 -22.58 0 11.2280999078347