potential =  MJ_original_pot.txt
p53-c-terminal =  p53_C_357_393.txt
analized peptide =  DP6.txt
2 16 -12.38 1
3 16 -13.9 1
4 16 -13.26 1
5 16 -12.27 0
6 16 -11.71 0
7 16 -10.66 1
8 16 -12.12 1
9 16 -15.11 1
10 16 -18.02 1
11 16 -20.61 1
12 16 -20.53 1
13 16 -22.83 0
14 16 -21.22 0
15 16 -16.87 0
16 16 -11.83 0
17 16 -8.46999999999998 0
18 16 -7.32999999999999 1
19 16 -6.96999999999999 1
20 16 -6.73999999999999 0
21 16 -6.71999999999999 0

13 -22.83 -211.02 -269.55 0 1.35705954983437
