potential =  MJ_original_pot.txt
p53-c-terminal =  FLp53.txt
analized peptide =  DP6c.txt
2 16 -3.68 0
3 16 -4.22999999999999 0
4 16 -5.02999999999999 1
5 16 -3.75999999999999 0
6 16 -1.63 0
7 16 -3.38999999999999 0
8 16 -3.23999999999999 0
9 16 -3.75 0
10 16 -1.18 0
11 16 -1.18 0
12 16 0.199999999999999 0
13 16 0.239999999999999 1
14 16 -0.719999999999999 1
15 16 -2.01 1
16 16 -1.43 1
17 16 -3.02 0
18 16 -1.27 0
19 16 0.489999999999996 0
20 16 3.33 0
21 16 3.73 0
22 16 3.04 1
23 16 1.48 1
24 16 -1.34 1
25 16 -1.96 1
26 16 -1.81 1
27 16 -0.169999999999999 1
28 16 -0.0999999999999979 0
29 16 -1.54 0
30 16 -1.92 0
31 16 -0.310000000000002 0
32 16 1.89 0
33 16 3.63 1
34 16 0.640000000000001 1
35 16 -2.03 1
36 16 -4.1 1
37 16 -4.4 1
38 16 -6.56999999999999 0
39 16 -7.38 0
40 16 -4.25 0
41 16 0.960000000000003 0
42 16 0.510000000000001 1
43 16 -4.41 1
44 16 -7.65 1
45 16 -6.85 1
46 16 -5.20999999999999 1
47 16 -4.53999999999999 0
48 16 -5.87999999999999 0
49 16 -6.89999999999999 0
50 16 -6.81999999999999 1
51 16 -4.96 0
52 16 -3.65 1
53 16 -5.08999999999999 1
54 16 -5.41 0
55 16 -5.81999999999999 0
56 16 -3.57 0
57 16 -3.3 0
58 16 -2.68 0
59 16 -3.56 0
60 16 -0.669999999999996 0
61 16 1.86 0
62 16 3.1 1
63 16 2.44 1
64 16 1.93 1
65 16 1.46 1
66 16 1.05 0
67 16 1.61 1
68 16 2.1 0
69 16 2.27 1
70 16 1.73 0
71 16 2.31 0
72 16 1.4 1
73 16 1.93 0
74 16 2.23 1
75 16 1.77 0
76 16 1.21 1
77 16 0.210000000000003 1
78 16 0.220000000000001 0
296 16 -0.0799999999999961 1
297 16 -0.719999999999996 1
298 16 -0.749999999999996 1
299 16 -1.02 1
300 16 -1.28 1
301 16 0.0600000000000041 1
302 16 0.790000000000003 1
303 16 0.810000000000003 0
304 16 1.02 0
305 16 1.52 0
306 16 -0.0999999999999992 1
307 16 -2.11 1
308 16 -0.979999999999999 1
309 16 -0.0999999999999992 1
359 16 3.33 1
360 16 2.6 1
361 16 2.84 1
362 16 1.45 1
363 16 -0.809999999999999 1
364 16 -1.02 1
365 16 0.430000000000003 1
366 16 2.3 0
367 16 3.33 0
368 16 1.75 0
369 16 0.48 0
370 16 0.690000000000002 0
371 16 3.1 0
372 16 3.9 0
373 16 2.12000000000001 1
374 16 1.84000000000001 1
375 16 1.98000000000001 1
376 16 2.22000000000001 1
377 16 3.89000000000001 1

44 -7.65 -75.8199999999999 -173.34 0.437406253605631 1
