potential =  MJ_original_pot.txt
p53-c-terminal =  FLp53.txt
analized peptide =  DP6c.txt
1 16 -2.33 0
2 16 -1.1 0
3 16 -1.78 1
4 16 -2.88 0
5 16 -1.4 1
6 16 0.210000000000002 1
7 16 -0.75 0
8 16 -2.92 0
9 16 -1.49 1
10 16 -1.26 0
11 16 -0.350000000000002 0
12 16 0.430000000000001 0
13 16 0.12 0
14 16 -0.880000000000001 1
15 16 -0.199999999999999 1
16 16 -0.95 0
17 16 -1.12 0
18 16 -0.950000000000001 0
19 16 0.3 1
20 16 0.639999999999997 0
21 16 1.56 1
22 16 1.2 0
23 16 0.199999999999999 1
24 16 4.44089209850063e-16 1
25 16 -1.66 0
26 16 -0.6 0
27 16 0.150000000000001 1
28 16 0.0999999999999996 1
29 16 -1.53 0
30 16 -0.850000000000001 1
31 16 -0.150000000000001 0
32 16 0.0799999999999992 0
33 16 1.86 1
34 16 0.250000000000001 1
35 16 -1.47 1
36 16 -0.919999999999999 0
37 16 -1.82 1
38 16 -2.75 0
39 16 -3.25 0
40 16 -1.38 0
41 16 0.380000000000001 0
42 16 0.42 1
43 16 -2.4 1
44 16 -2.43 1
45 16 -2.82 1
46 16 -1.6 1
47 16 -1.76 0
48 16 -2.19 0
49 16 -2.97 1
50 16 -2.78 0
51 16 -1.62 1
52 16 -1.93 0
53 16 -1.7 1
54 16 -3.06 1
55 16 -2.68 0
56 16 -1.48 0
57 16 -1.31 1
58 16 -2.41 0
59 16 -1.17 1
60 16 -0.29 0
61 16 0.480000000000003 0
62 16 0.990000000000002 1
63 16 0.190000000000001 1
64 16 0.580000000000001 0
65 16 0.0799999999999996 0
66 16 -0.279999999999998 1
67 16 0.120000000000002 0
68 16 0.450000000000002 1
69 16 0.29 0
70 16 0.559999999999999 0
71 16 0.82 1
72 16 0.539999999999999 1
73 16 0.0400000000000009 1
74 16 0.110000000000001 0
75 16 0.76 1
76 16 0.150000000000002 1
77 16 0.3 1
78 16 -0.239999999999999 1
79 16 -0.259999999999999 0
295 16 0.149999999999999 0
296 16 -0.859999999999999 1
297 16 -0.159999999999999 0
298 16 -0.0199999999999987 1
299 16 -0.89 1
300 16 -0.109999999999999 1
301 16 -0.279999999999999 1
302 16 0.280000000000002 0
303 16 0.320000000000001 0
304 16 0.21 0
305 16 0.490000000000001 0
306 16 -0.02 1
307 16 -0.819999999999999 1
308 16 -1.27 1
309 16 0.400000000000001 0
310 16 0.0600000000000009 1
358 16 1.13 0
359 16 1 1
360 16 0.990000000000002 1
361 16 0.61 1
362 16 1.24 1
363 16 -0.4 1
364 16 -1.65 1
365 16 -0.109999999999999 0
366 16 0.930000000000001 0
367 16 1.48 0
368 16 0.250000000000002 1
369 16 -0.649999999999999 0
370 16 0.21 0
371 16 1.13 0
372 16 1.17 1
373 16 0.840000000000003 1
374 16 0.110000000000002 1
375 16 0.160000000000003 0
376 16 0.980000000000003 1
377 16 0.350000000000001 1
378 16 0.980000000000001 0

39 -3.25 -20.84 -81.36 0.256145526057031 0
