potential =  KK_new_pot.txt
p53-c-terminal =  FLp53.txt
analized peptide =  DP6c.txt
1 16 -6.4036996 0
2 16 -3.1430896 1
3 16 -1.4209596 1
4 16 -4.2892996 0
5 16 -3.6360196 1
6 16 -3.9190096 1
7 16 -6.0362896 0
8 16 -4.1884596 0
9 16 -6.1179096 1
10 16 -2.6651796 0
11 16 -5.9395996 0
12 16 -5.3421596 1
13 16 -2.5373896 0
14 16 -3.0713096 1
15 16 -0.767569599999997 0
16 16 -5.9711196 1
17 16 -0.971389599999998 0
18 16 -5.4541196 0
19 16 0.660060400000004 0
20 16 -2.1272496 0
21 16 -0.357739599999999 1
22 16 -1.4469996 0
23 16 -3.9430096 1
24 16 -0.475409600000001 0
25 16 -2.0300296 1
26 16 -0.485539599999997 1
27 16 -0.194689599999998 1
28 16 -0.682139599999999 1
29 16 -4.3236496 0
30 16 -4.9355696 1
31 16 -6.4731096 0
32 16 -4.5638096 0
33 16 3.2190604 0
34 16 2.1036004 1
35 16 -0.9073596 0
36 16 -6.0911296 1
37 16 -12.7781396 1
38 16 -12.0750596 0
39 16 -8.0455196 1
40 16 -2.9407996 0
41 16 -6.7785296 0
42 16 -0.121599599999998 1
43 16 -7.0882496 1
44 16 -7.0934796 1
45 16 -5.6665196 1
46 16 -10.2869396 1
47 16 -7.0426496 0
48 16 -3.8888896 1
49 16 -5.3485296 1
50 16 -5.1000396 0
51 16 -6.0785996 1
52 16 -6.0372796 0
53 16 0.764300400000002 0
54 16 -1.7377396 1
55 16 -0.3747096 0
56 16 -4.6543796 1
57 16 -5.5888496 1
58 16 -9.2640196 0
59 16 -2.2917296 1
60 16 1.4559404 1
61 16 1.0906704 0
62 16 2.2448204 1
63 16 -3.9476096 1
64 16 1.2391004 0
65 16 -1.4076996 0
66 16 -2.8052096 1
67 16 -1.8344996 0
68 16 -0.369179599999998 1
69 16 0.297770400000003 0
70 16 0.0714004000000028 1
71 16 -0.7244096 0
72 16 -0.463859599999998 1
73 16 -0.476079599999998 1
74 16 -0.0155895999999975 0
75 16 -0.420409599999998 0
76 16 -0.0669796000000003 1
77 16 -2.2281696 1
78 16 -2.0412596 0
79 16 -3.6562796 0
295 16 -0.845649599999998 0
296 16 1.3523704 1
297 16 0.131270400000001 0
298 16 2.5557804 0
299 16 1.8951204 1
300 16 2.2849404 0
301 16 2.2671804 1
302 16 2.1773804 1
303 16 2.3643504 0
304 16 2.4640504 1
305 16 3.2582204 1
306 16 3.2401404 1
307 16 3.5530304 1
308 16 1.5089204 0
309 16 3.4194904 0
310 16 0.349180400000002 1
358 16 3.7256504 0
359 16 2.5874804 0
360 16 2.8473804 1
361 16 2.0932404 0
362 16 1.4295704 1
363 16 1.3222904 1
364 16 -0.661389599999997 1
365 16 1.4518504 0
366 16 2.8434204 1
367 16 5.4204404 0
368 16 3.0523004 0
369 16 4.9260504 1
370 16 3.1125804 0
371 16 5.7377104 1
372 16 4.9317904 0
373 16 3.4876104 0
374 16 2.2683304 1
375 16 -0.337039599999998 0
376 16 3.7036804 1
377 16 0.952610400000002 1
378 16 -1.1414896 0

37 -12.7781396 -79.8923548 -264.6370608 0.301894052777358 1
