potential =  KK_new_pot.txt
p53-c-terminal =  FLp53.txt
analized peptide =  DP6c.txt
2 16 -6.85498879999999 0
3 16 -5.86586879999999 1
4 16 -6.3587988 1
5 16 -8.85684879999999 1
6 16 -8.71478879999999 1
7 16 -10.4705388 0
8 16 -12.9908888 0
9 16 -9.6197788 0
10 16 -11.3709188 0
11 16 -5.97437879999999 0
12 16 -5.8465888 0
13 16 -3.3942088 1
14 16 -1.5519688 0
15 16 -7.6100288 1
16 16 -4.9027188 1
17 16 -10.4761988 1
18 16 -5.76544879999999 0
19 16 -6.92130879999999 0
20 16 -0.435158799999997 1
21 16 0.253701200000005 0
22 16 -1.8581788 1
23 16 -0.160308799999995 1
24 16 -4.6329088 1
25 16 -1.1754388 1
26 16 -2.71025879999999 1
27 16 -1.36236879999999 1
28 16 -3.1533388 0
29 16 -7.4560388 1
30 16 -13.6712888 0
31 16 -13.9114488 0
32 16 -7.81785879999999 0
33 16 1.79826120000001 0
34 16 5.1157812 1
35 16 -4.21615879999999 1
36 16 -19.0978988 1
37 16 -22.0973688 1
38 16 -24.0517588 1
39 16 -22.8597288 0
40 16 -17.5631988 0
41 16 -5.90631879999999 0
42 16 -5.84407879999999 0
43 16 -14.3033288 1
44 16 -19.8482488 1
45 16 -23.0469388 1
46 16 -16.1439288 0
47 16 -13.5860488 1
48 16 -10.9832788 0
49 16 -13.3910488 1
50 16 -15.5807588 1
51 16 -14.4141088 0
52 16 -8.54976879999999 0
53 16 -6.27539879999999 0
54 16 -0.612828799999997 0
55 16 -4.7122088 1
56 16 -8.5633188 1
57 16 -9.1199388 1
58 16 -6.75728879999999 1
59 16 -6.1988688 0
60 16 1.11008120000001 1
61 16 5.64663120000001 1
62 16 0.24308120000001 1
63 16 -0.267858799999992 1
64 16 -2.43281879999999 1
65 16 -1.29041879999999 1
66 16 -3.07216879999999 0
67 16 -2.6197888 1
68 16 0.648391200000005 0
69 16 1.18490120000001 1
70 16 0.0935012000000062 0
71 16 -0.172768799999993 0
72 16 -0.540328799999994 1
73 16 0.183641200000005 1
74 16 0.474311200000006 0
75 16 0.269181200000005 0
76 16 -1.81492879999999 1
77 16 -1.0545388 1
78 16 -4.96895879999999 0
296 16 2.8268112 0
297 16 6.2282412 0
298 16 4.78931120000001 0
299 16 6.94298120000001 0
300 16 6.95073120000001 1
301 16 7.2329912 1
302 16 7.26618120000001 1
303 16 7.4630512 1
304 16 8.5438912 1
305 16 8.9624112 1
306 16 10.0513912 1
307 16 8.7163012 0
308 16 8.6881912 0
309 16 7.4601512 1
359 16 12.5071012 0
360 16 10.8746912 0
361 16 9.4370412 1
362 16 7.91195120000001 1
363 16 2.0904712 1
364 16 5.03575120000001 1
365 16 6.55688120000001 1
366 16 11.3403612 0
367 16 12.9408112 0
368 16 14.2342012 0
369 16 11.9263412 0
370 16 14.6741712 0
371 16 13.8445012 0
372 16 14.2195312 0
373 16 12.4910712 1
374 16 8.37874120000001 0
375 16 8.25332120000001 1
376 16 6.93760120000001 1
377 16 7.97900120000001 0

38 -24.0517588 -200.5643344 -523.849262 0.38286650177623 1
