potential =  MJ_original_pot.txt
p53-c-terminal =  FUS.txt
analized peptide =  FUS_MJOT16_270.txt
2 -22.58 1
3 -23.49 1
4 -22.59 1
5 -21.24 1
6 -20.34 1
7 -20.09 1
8 -20.3 1
9 -19.73 1
10 -20.11 1
11 -20.27 0
12 -20.98 0
13 -20.71 0
14 -21.3 0
15 -21.29 0
16 -21.42 0
17 -21.44 1
18 -22.24 1
19 -22.23 1
20 -22.49 1
21 -22.69 0
22 -23.08 1
23 -23.73 0
24 -23.57 0
25 -24.65 0
26 -24.43 0
27 -23.95 0
28 -23.97 1
29 -24.08 1
30 -23.98 1
31 -24.31 1
32 -24.31 1
33 -25.18 0
34 -25.05 0
35 -24.6 0
36 -24.03 0
37 -24.17 1
38 -24.82 1
39 -24.66 1
40 -24.53 1
41 -24.61 1
42 -24.69 1
43 -24.91 1
44 -24.47 1
45 -24.48 1
46 -23.59 1
47 -23.57 1
48 -23.88 0
49 -24.42 0
50 -24.42 0
51 -24.03 0
52 -23.91 0
53 -23.5 0
54 -23.45 1
55 -23.76 1
56 -23.59 1
57 -23.13 1
58 -23.14 1
59 -22.74 1
60 -22.96 1
61 -22.63 0
62 -22.29 0
63 -21.36 0
64 -21.07 1
65 -20.97 0
66 -21.38 1
67 -21.52 1
68 -21.6 1
69 -21.1 1
70 -21.27 1
71 -21.71 1
72 -22.05 1
73 -22.45 1
74 -22.42 0
75 -22.51 0
76 -22.37 1
77 -22.36 0
78 -22.8 1
79 -23.59 0
80 -24.25 0
81 -24.56 0
82 -24.34 0
83 -24.43 0
84 -24.32 0
85 -24.01 0
86 -23.23 0
87 -22.83 1
88 -22.77 1
89 -22.48 1
90 -21.57 0
91 -22.03 0
92 -21.67 0
93 -21.27 0
94 -20.61 1
95 -21.3 1
96 -22.18 1
97 -21.59 1
98 -21.44 1
99 -21.04 1
100 -21.14 1
101 -20.72 1
102 -20.6 0
103 -21.09 0
104 -21.51 0
105 -22.35 0
106 -22.8 0
107 -22.91 0
108 -22.78 0
109 -22.8 1
110 -22.63 0
111 -23.51 0
112 -23.54 0
113 -23.93 0
114 -23.41 0
115 -24.24 0
116 -24.35 0
117 -23.87 0
118 -23.31 1
119 -23.47 1
120 -23.21 1
121 -22.43 1
122 -22.54 0
123 -22.72 0
124 -22.99 0
125 -22.98 0
126 -23.64 1
127 -23.17 1
128 -23.42 0
129 -23.25 0
130 -23.88 0
131 -24.19 0
132 -24.52 0
133 -23.57 0
134 -23.88 1
135 -23.48 0
136 -24.03 0
137 -23.69 0
138 -24.19 1
139 -24.41 1
140 -23.87 1
141 -23.38 1
142 -23.38 1
143 -23.8 1
144 -24.21 0
145 -25.08 0
146 -24.88 0
147 -24.83 0
148 -24.67 0
149 -25.03 0
150 -24.01 0
151 -24.48 1
152 -24.87 1
153 -25.6 1
154 -25.18 1
155 -24.66 1
156 -23.82 1
157 -23.07 1
158 -22.38 1
159 -21.41 0
160 -21.21 0
161 -20.74 0
162 -20.46 0
163 -20.25 0
164 -20.31 0
165 -21.17 0
166 -22.54 0
167 -23.89 0
168 -23.63 0
169 -23.32 0
170 -23.09 0
171 -23.41 0
172 -22.95 0
173 -23.15 1
174 -24.62 1
175 -25.03 1
176 -24.54 1
177 -23.2 1
178 -22.23 1
179 -21.41 1
180 -20.01 1
181 -19.6 0
182 -20.11 0
183 -20.85 0
184 -22.74 0
185 -24.33 0
186 -25.38 0
187 -24.6 0
188 -23.93 0
189 -23.77 0
190 -24 1
191 -24.43 1
192 -24.3 1
193 -24.33 1
194 -24.16 1
195 -24.27 1
196 -23.76 1
197 -24.6 0
198 -24.21 0
199 -23.68 0
200 -22.99 0
201 -22.34 0
202 -23.22 1
203 -23.54 1
204 -24.88 1
205 -24.92 1
206 -24.92 1
207 -23.98 1
208 -21.8 1
209 -19.61 1
210 -20.15 0
211 -20.23 0
212 -21.5 0
213 -21.04 0
214 -21.04 0
215 -19.6 0
216 -18.45 0
217 -19.6 0
218 -19.98 0
219 -20.7 0
220 -19.77 0
221 -19.44 1
222 -20.99 1
223 -21.75 1
224 -21.71 1
225 -21.31 1
226 -20.83 1
227 -21.8 0
228 -23.33 0
229 -23.06 0
230 -23.68 0
231 -22.26 1
232 -24.79 1
233 -25.28 1
234 -23.37 1
235 -22.47 1
236 -20.99 1
237 -20.84 1
238 -18.87 1
239 -17.29 0
240 -15.92 0
241 -15.4 0
242 -15.75 0
243 -19.42 0
244 -20.18 0
245 -21.55 0
246 -18.83 0
247 -20.02 0
248 -19.62 0
249 -18.1 0
250 -17.35 1
251 -16.28 1
252 -18.03 1
253 -18.06 1
254 -17.12 1
255 -18.13 0
256 -18.49 0
257 -19.06 1
258 -20.2 0
259 -20.16 0
260 -20.59 0
261 -18.41 0
262 -19.86 1
263 -24.05 1
264 -23.87 1
265 -26.18 0
266 -26.03 0
267 -27.84 0
268 -32.38 0
269 -35.69 0
270 -37.89 0
271 -33.25 0
272 -28.34 0
273 -27.14 1
274 -28.12 1
275 -27.78 1
276 -25.9 1
277 -22.82 1
278 -21.25 1
279 -21.05 1
280 -20.5 0
281 -21.75 0
282 -19.67 0
283 -17.29 0
284 -15.25 0
285 -15.13 0
286 -15.25 0
287 -14.3 0
288 -14.52 0
289 -15.71 0
290 -17.66 0
291 -17.99 0
292 -17.9 1
293 -17.69 1
294 -18.17 1
295 -17.49 1
296 -17.09 1
297 -15.09 1
298 -14.42 1
299 -15.02 1
300 -16.87 1
301 -18.36 1
302 -17.75 1
303 -18.08 1
304 -17.37 1
305 -17.45 1
306 -14.71 1
307 -12.29 1
308 -12.36 0
309 -13.81 0
310 -16.42 0
311 -20.05 0
312 -22.91 0
313 -22.27 0
314 -21.79 0
315 -20.75 0
316 -21.63 0
317 -19.79 1
318 -19.16 1
319 -17.84 1
320 -18.71 1
321 -20.44 1
322 -22.1 1
323 -21.42 1
324 -18.97 1
325 -17.08 0
326 -18.1 0
327 -20.24 0
328 -22.74 0
329 -23.9 0
330 -21.87 0
331 -20.45 0
332 -19.33 0
333 -19.17 0
334 -20.29 1
335 -20.95 1
336 -19.98 1
337 -19.36 1
338 -17.47 1
339 -16.25 1
340 -14.54 1
341 -18.42 0
342 -20 0
343 -20.42 0
344 -20.27 0
345 -20.05 0
346 -18.85 0
347 -18.12 1
348 -17.71 1
349 -19.82 1
350 -18.58 1
351 -19.46 1
352 -16.71 1
353 -17.13 1
354 -16.65 1
355 -16.6 1
356 -17.16 1
357 -14.51 1
358 -14.1 1
359 -14.28 1
360 -17.42 1
361 -18.22 1
362 -14.29 1
363 -11.88 0
364 -11.16 0
365 -13.84 1
366 -18.44 0
367 -20.62 0
368 -20.66 0
369 -17 0
370 -18.12 1
371 -20.69 1
372 -23.02 1
373 -20.83 1
374 -19.18 1
375 -18.34 1
376 -18.83 1
377 -18.69 1
378 -17.12 1
379 -17.04 0
380 -17.02 0
381 -16.07 0
382 -17.92 0
383 -18.27 0
384 -18.74 0
385 -17.58 0
386 -16.16 0
387 -16.61 0
388 -16.42 0
389 -18.33 0
390 -18.51 0
391 -18.32 0
392 -16.9 0
393 -17.82 1
394 -18.23 1
395 -19.39 1
396 -18.74 1
397 -17.82 1
398 -16.06 1
399 -15.37 0
400 -15.8 0
401 -17.06 0
402 -18.27 0
403 -19.26 0
404 -18.23 0
405 -17.02 0
406 -17.8 1
407 -17.69 1
408 -18.06 0
409 -15.88 1
410 -17.79 1
411 -20.32 1
412 -19.62 1
413 -18.21 0
414 -15.96 0
415 -16.75 1
416 -19.02 1
417 -18.61 1
418 -18.41 0
419 -17.89 0
420 -16.47 1
421 -18.1 0
422 -18.11 0
423 -21.07 0
424 -19.13 0
425 -18.85 0
426 -18.73 0
427 -17.66 0
428 -19.98 1
429 -20.75 1
430 -22.56 1
431 -20.48 1
432 -18.99 1
433 -17.85 0
434 -17.28 0
435 -16.94 1
436 -18.23 1
437 -18.44 1
438 -19.55 1
439 -19.67 1
440 -20.68 1
441 -18.96 1
442 -18.71 0
443 -18.06 0
444 -18.39 0
445 -19.38 0
446 -18.97 0
447 -19.28 0
448 -17.32 0
449 -17.58 1
450 -17.94 1
451 -19.74 1
452 -19.39 1
453 -18.07 1
454 -17.22 1
455 -17.97 1
456 -21.22 0
457 -24.72 0
458 -24.93 0
459 -22.58 0
460 -20.67 0
461 -23.7 1
462 -26.03 1
463 -25.01 1
464 -24.63 1
465 -25.1 1
466 -24.43 1
467 -22.26 1
468 -23.55 0
469 -25.34 0
470 -24.05 0
471 -23.46 0
472 -21.5 0
473 -21.02 1
474 -21.12 1
475 -24.11 1
476 -24.22 1
477 -22.81 1
478 -18.45 0
479 -18.79 0
480 -19.06 0
481 -19.89 0
482 -20.66 0
483 -18.47 0
484 -18.32 1
485 -18.2 1
486 -20.28 1
487 -20.77 1
488 -19.8 1
489 -18.77 0
490 -17.07 0
491 -17.23 0
492 -18 0
493 -17.46 0
494 -19.39 0
495 -17.58 0
496 -16.35 0
497 -16.77 1
498 -20.23 1
499 -20.82 0
500 -19.04 0
501 -17.89 0
502 -19.47 1
503 -20.37 1
504 -19.87 0
505 -20.28 0
506 -22.06 0
507 -22.2 1
508 -23.76 1
509 -24.25 1
510 -25.19 1

270 -37.89 -427.28 -10680.42 0.0400059173702907 0
