potential =  KK_new_pot.txt
p53-c-terminal =  FUS.txt
analized peptide =  FUS_KKOT16_510.txt
2 18.311508 1
3 11.850808 0
4 8.90796799999999 0
5 14.154678 0
6 21.878148 1
7 22.184648 1
8 23.102458 0
9 23.010428 1
10 25.427228 0
11 20.790268 1
12 16.610028 0
13 19.104808 0
14 19.934628 0
15 18.911718 0
16 16.687018 0
17 17.845088 1
18 18.021458 1
19 14.730158 1
20 15.495718 1
21 19.783528 1
22 19.907868 0
23 15.905988 1
24 12.662218 1
25 13.425348 1
26 17.279648 1
27 14.984868 1
28 13.609508 1
29 16.258058 1
30 21.451548 0
31 13.980778 0
32 9.28332799999999 1
33 9.20695799999999 1
34 16.973368 1
35 17.520218 0
36 11.640318 1
37 14.319148 1
38 17.142188 1
39 12.149978 0
40 12.344578 0
41 14.326418 1
42 13.639008 1
43 16.225768 0
44 10.624238 0
45 12.347518 0
46 18.601548 1
47 22.260018 1
48 16.366258 0
49 15.085078 0
50 17.922448 0
51 19.756768 0
52 18.136718 0
53 15.069908 0
54 17.987418 0
55 18.233168 0
56 18.245038 0
57 19.586928 0
58 19.797808 1
59 20.868978 0
60 20.860688 1
61 19.626528 1
62 20.798418 1
63 24.888288 0
64 23.870318 0
65 22.364158 0
66 24.090608 1
67 19.858698 1
68 24.189328 1
69 25.653538 0
70 25.144488 0
71 25.563058 1
72 23.992748 0
73 21.572438 0
74 16.733988 0
75 20.931518 0
76 22.317578 1
77 17.982708 1
78 18.911368 1
79 18.844218 0
80 16.738458 0
81 18.858228 0
82 15.050528 1
83 11.414668 1
84 15.048788 1
85 16.940488 1
86 17.166418 1
87 15.180148 1
88 17.339238 1
89 19.290338 0
90 16.412658 0
91 19.528278 0
92 21.552698 0
93 21.329648 0
94 18.939268 0
95 16.979158 0
96 21.180248 0
97 20.754648 0
98 22.084638 0
99 20.288358 1
100 21.110158 1
101 24.526728 1
102 25.264138 0
103 22.460058 1
104 22.745118 1
105 23.164168 1
106 21.634468 0
107 21.032648 1
108 18.234328 1
109 18.745058 1
110 21.201828 1
111 18.971478 0
112 16.599168 0
113 20.364888 0
114 22.453278 0
115 20.543038 0
116 16.034788 1
117 14.471488 1
118 18.657618 1
119 19.748878 0
120 17.936618 0
121 16.615778 1
122 14.852268 1
123 19.176638 1
124 18.282388 0
125 17.576568 0
126 19.940518 1
127 20.000388 1
128 17.795188 0
129 12.611298 0
130 15.454698 0
131 16.741498 0
132 19.968618 0
133 15.833268 0
134 14.753698 0
135 12.278478 1
136 14.889508 1
137 16.016528 1
138 18.080338 1
139 14.795848 1
140 14.504868 1
141 12.477218 1
142 13.795778 0
143 16.835198 0
144 17.337408 0
145 17.627008 1
146 14.564378 1
147 12.949608 1
148 10.644028 0
149 14.236128 0
150 16.645648 0
151 19.263248 1
152 20.056138 0
153 19.458628 0
154 16.105218 0
155 21.098918 0
156 23.018528 0
157 27.578628 0
158 23.303158 0
159 21.548748 0
160 21.640318 0
161 25.922868 0
162 29.863828 1
163 25.835668 1
164 27.492228 1
165 22.761778 1
166 19.738768 1
167 14.401798 1
168 18.774638 1
169 23.311928 1
170 18.250018 1
171 18.424798 1
172 18.446298 1
173 23.637298 0
174 20.111978 0
175 15.443838 0
176 20.372108 0
177 16.024758 0
178 12.906448 0
179 14.611108 0
180 21.386868 0
181 24.172198 1
182 26.464098 0
183 24.603408 0
184 14.087718 1
185 12.741968 1
186 19.695418 1
187 25.694408 0
188 24.300348 1
189 24.220478 1
190 22.579648 1
191 20.640028 0
192 17.581758 0
193 15.969938 0
194 19.991968 1
195 18.725618 1
196 13.514838 0
197 6.585818 0
198 6.91799799999999 0
199 10.185938 0
200 5.60224799999999 0
201 -1.348802 0
202 -13.718302 0
203 -19.822342 0
204 -22.141102 0
205 -31.030352 0
206 -26.415192 0
207 -27.670212 0
208 -17.723762 0
209 -21.716422 0
210 -19.574962 0
211 -20.385292 1
212 -17.767542 1
213 -10.185422 1
214 -2.698292 1
215 3.327378 1
216 7.909628 1
217 9.389588 1
218 12.928308 1
219 20.277838 0
220 18.099648 0
221 18.418558 0
222 18.984988 0
223 12.776768 1
224 17.004938 1
225 8.677708 1
226 -1.793722 1
227 -5.020192 1
228 -0.00962199999999669 0
229 -9.717252 0
230 -27.300752 0
231 -21.394982 0
232 -21.208412 0
233 -27.988162 0
234 -34.132022 0
235 -28.460482 0
236 -26.616852 0
237 -32.556652 0
238 -47.860842 0
239 -35.958592 0
240 -29.306612 1
241 -27.413102 1
242 -21.027422 1
243 -25.876812 1
244 -28.314262 1
245 -21.409482 1
246 -11.738512 1
247 -15.082382 1
248 -28.952872 1
249 -16.190172 1
250 -9.501822 1
251 -3.437012 0
252 -2.793142 1
253 -2.627662 1
254 -1.13435200000001 0
255 -23.903132 0
256 -23.377652 0
257 -24.048282 1
258 -26.230452 1
259 -11.942352 0
260 -26.322162 0
261 -20.314982 0
262 -31.645802 1
263 -40.696762 1
264 -29.279342 1
265 -30.360872 1
266 -33.678412 1
267 -37.466422 1
268 -43.701822 1
269 -33.844232 1
270 -35.200762 1
373 -53.517802 0
374 -42.290192 0
375 -26.148972 0
376 -22.482052 1
377 -25.703512 1
378 -17.856332 0
379 -19.576832 0
380 -18.587752 0
381 -20.859282 1
382 -31.634792 1
383 -36.015302 1
384 -20.344642 1
385 -9.81691200000001 1
386 -0.291842000000006 1
387 -6.16439200000001 1
388 4.94480799999999 1
389 10.971228 1
390 13.653318 0
391 14.420468 0
392 17.193078 0
393 18.907678 0
394 14.895938 0
395 8.81817799999999 0
396 11.030108 0
397 13.894188 0
398 17.844908 0
399 18.721898 0
400 16.136198 1
401 15.733948 1
402 15.642088 1
403 18.290928 0
404 18.422428 1
405 16.845518 1
406 11.099388 1
455 18.385608 1
456 4.75672799999999 1
457 -0.759822000000003 1
458 -4.510912 0
459 -9.129002 0
460 -14.159172 0
461 -25.307782 0
462 -32.316102 0
463 -37.236332 0
464 -37.324852 0
465 -37.907372 0
466 -37.591192 1
467 -40.239372 0
468 -55.419602 0
469 -55.438052 0
470 -59.649622 1
471 -52.299532 1
472 -37.918392 1
473 -43.430032 0
474 -28.685792 1
475 -33.595952 1
476 -41.433622 1
477 -57.611212 0
478 -46.917732 0
479 -42.169112 0
480 -51.757052 1
481 -35.014172 1
482 -36.852002 0
483 -47.036322 0
484 -38.543492 1
485 -27.199052 1
486 -28.952322 1
487 -35.996912 0
488 -36.114842 0
489 -30.359172 0
490 -22.912772 1
491 -26.505062 1
492 -37.118882 1
493 -23.335542 1
494 -25.273112 1
495 -9.97523200000001 1
496 -14.169602 1
497 -15.615422 1
498 -23.680572 1
499 -17.195182 0
500 -18.824572 0
501 -13.530442 0
502 -27.117162 1
503 -34.166782 1
504 -22.510202 0
505 -33.514652 0
506 -48.017472 0
507 -46.816472 0
508 -49.934282 0
509 -68.702322 0
510 -90.969152 0

510 -90.969152 -394.631336 -3509.087006 0.112459832237058 0
