potential =  MJ_original_pot.txt
original sequence =  FUS.txt

2 FDKKKKNNNN -17.465 0.0267567099426779 274 -21.565 0
3 DKKKKNNNNN -17.965 0.0240967850993838 275 -23.325 0
4 KKKKNNNNNK -17.935 0.0196716092708857 276 -22.575 0
5 KKKNNNNNKG -17.215 0.0182361539710898 276 -21.585 0
6 KKNNNNNKGG -16.275 0.0204158844531755 275 -20.235 1
7 KNNNNNKGGG -15.605 0.0219294002814925 274 -18.845 1
8 NNNNNKGGGW -15.375 0.0278720074084602 195 -18.105 0
9 NNNNKGGGWQ -14.935 0.0272188681066248 195 -17.665 0
10 NNNKGGGWQN -14.985 0.0262115239576434 196 -17.705 0
11 NNKGGGWQNN -15.155 0.0254225522069436 197 -17.385 0
12 NKGGGWQNNN -15.285 0.025795569715914 197 -17.075 1
13 KGGGWQNNNN -15.085 0.0261815771377367 190 -17.485 0
14 GGGWQNNNNG -15.285 0.0271110312772846 191 -18.035 0
15 GGWQNNNNGP -15.285 0.0267797947400412 194 -17.365 1
16 GWQNNNNGPG -15.385 0.0264646612922856 194 -17.565 0
17 WQNNNNGPGK -15.555 0.026757238936596 195 -16.865 0
18 QNNNNGPGKN -16.105 0.0149204252895996 276 -18.285 1
19 NNNNGPGKNN -16.555 0.0182489218840922 275 -18.225 1
20 NNNGPGKNND -16.815 0.0157922040530778 276 -18.995 1
21 NNGPGKNNDD -17.075 0.0187177059590624 275 -19.435 1
22 NGPGKNNDDN -17.125 0.0250014005059058 465 -19.265 0
23 GPGKNNDDNP -17.085 0.0258605838809677 466 -19.575 0
24 PGKNNDDNPG -16.755 0.0263114795459918 467 -19.365 0
25 GKNNDDNPGP -16.755 0.0261166162419324 468 -19.245 0
26 KNNDDNPGPN -17.045 0.0260778303021292 470 -19.085 0
27 NNDDNPGPNN -17.315 0.0260449656427931 470 -18.585 0
28 NDDNPGPNNK -17.045 0.027478086598622 272 -18.355 0
29 DDNPGPNNKD -16.915 0.01592854504242 276 -18.715 1
30 DNPGPNNKDG -16.595 0.0207772649432968 274 -17.645 0
31 NPGPNNKDGG -16.275 0.0265001781532011 193 -18.015 0
32 PGPNNKDGGG -16.205 0.0268777939181869 194 -18.905 0
33 GPNNKDGGGK -16.295 0.0273800074838391 195 -18.465 0
34 PNNKDGGGKD -16.675 0.0147484649349525 276 -18.885 0
35 NNKDGGGKDN -16.895 0.0257096667958669 197 -18.685 0
36 NKDGGGKDNK -17.055 0.0154334787770394 276 -18.925 1
37 KDGGGKDNKR -17.135 0.0194438828289825 275 -18.735 1
38 DGGGKDNKRK -17.515 0.028114380483725 270 -19.765 0
39 GGGKDNKRKG -17.495 0.017053824621328 276 -20.285 1
40 GGKDNKRKGG -17.495 0.0208374620276425 275 -19.805 1
41 GKDNKRKGGG -17.705 0.0289308060445295 194 -19.545 0
42 KDNKRKGGGP -17.705 0.025675580088978 273 -19.205 1
43 DNKRKGGGPN -17.815 0.0200236530856892 275 -20.055 0
44 NKRKGGGPND -17.815 0.0162941116482818 276 -19.775 0
45 KRKGGGPNDD -17.805 0.02598166053227 472 -19.045 1
46 RKGGGPNDDD -17.565 0.0260733731183011 471 -19.725 1
47 KGGGPNDDDD -17.355 0.0271000083436506 227 -19.985 0
48 GGGPNDDDDD -17.115 0.0273317571678813 228 -20.595 0
49 GGPNDDDDDG -16.925 0.0273060966200294 229 -20.145 0
50 GPNDDDDDGP -16.925 0.0273830185984306 468 -19.815 0
51 PNDDDDDGPN -16.895 0.0277818146795507 470 -19.835 0
52 NDDDDDGPNN -17.235 0.0275697858898564 471 -20.405 0
53 DDDDDGPNND -17.485 0.027395811384898 472 -20.385 0
54 DDDDGPNNDN -17.545 0.0241560421694613 273 -19.735 0
55 DDDGPNNDND -17.565 0.0248968941723308 234 -19.365 0
56 DDGPNNDNDG -17.305 0.0266326876592766 379 -18.975 1
57 DGPNNDNDGG -17.305 0.0263285775953091 378 -18.655 1
58 GPNNDNDGGG -17.045 0.0252769554799979 229 -18.635 0
59 PNNDNDGGGN -17.215 0.0255724153483296 468 -18.495 0
60 NNDNDGGGNN -17.435 0.0259593388723671 470 -18.705 0
61 NDNDGGGNNN -17.475 0.0259415169447387 211 -19.085 1
62 DNDGGGNNNS -17.115 0.0255400624701492 210 -18.815 1
63 NDGGGNNNSN -16.745 0.0262837425571756 196 -18.825 1
64 DGGGNNNSNN -16.385 0.0269702329786974 195 -18.785 1
65 GGGNNNSNNP -16.155 0.0275722885816416 194 -18.725 1
66 GGNNNSNNPG -16.415 0.0269933907867164 194 -18.335 1
67 GNNNSNNPGG -16.205 0.0272153881262294 192 -18.275 1
68 NNNSNNPGGG -16.445 0.0270503972582063 196 -18.645 0
69 NNSNNPGGGG -16.465 0.0271671549665925 196 -18.885 0
70 NSNNPGGGGG -16.645 0.0271471570457301 196 -19.325 0
71 SNNPGGGGGG -16.635 0.0290977568824381 164 -19.485 0
72 NNPGGGGGGG -16.865 0.0302218870571132 167 -20.005 1
73 NPGGGGGGGG -16.805 0.0302654208563499 223 -20.585 1
74 PGGGGGGGGD -17.045 0.0309267875149295 222 -20.615 1
75 GGGGGGGGDD -17.365 0.0292182978854055 225 -21.525 0
76 GGGGGGGDDD -17.475 0.0281431387647985 226 -21.905 0
77 GGGGGGDDDD -17.795 0.0281285539101612 226 -21.995 0
78 GGGGGDDDDD -17.925 0.0280615915959131 227 -21.595 0
79 GGGGDDDDDD -18.055 0.02802825943196 378 -21.495 0
80 GGGDDDDDDD -17.975 0.0291896358282467 379 -21.815 0
81 GGDDDDDDDD -17.975 0.0295240716706294 380 -21.695 0
82 GDDDDDDDDG -17.765 0.0287331076935056 381 -21.655 0
83 DDDDDDDDGP -17.765 0.0203275061038253 515 -21.135 1
84 DDDDDDDGPN -17.795 0.0226609092458139 514 -20.925 1
85 DDDDDDGPNN -17.815 0.0274304988125092 472 -20.395 0
86 DDDDDGPNND -17.815 0.027395811384898 472 -20.385 0
87 DDDDGPNNDD -17.705 0.0216313453365977 514 -20.245 1
88 DDDGPNNDDP -17.225 0.0254728138967847 243 -18.935 0
89 DDGPNNDDPG -16.845 0.0252026386518536 466 -18.975 0
90 DGPNNDDPGG -16.465 0.0257280214942747 467 -19.075 0
91 GPNNDDPGGG -16.465 0.0255535833090997 468 -19.225 0
92 PNNDDPGGGP -16.465 0.0255460640371454 469 -19.195 0
93 NNDDPGGGPN -16.755 0.0259924591094657 470 -19.495 0
94 NDDPGGGPNN -16.645 0.0253533499398655 471 -18.985 0
95 DDPGGGPNNN -16.045 0.0254841347881579 472 -18.695 0
96 DPGGGPNNNW -15.905 0.0258672920502168 196 -17.545 1
97 PGGGPNNNWG -15.565 0.02675623280531 195 -17.515 1
98 GGGPNNNWGD -15.825 0.0274874732851607 217 -18.215 1
99 GGPNNNWGDD -16.255 0.0269630943474225 216 -18.095 1
100 GPNNNWGDDD -16.685 0.0264431436061795 208 -18.655 0
101 PNNNWGDDDG -16.665 0.026927302391915 210 -18.795 0
102 NNNWGDDDGD -16.925 0.0273543620297564 210 -19.205 0
103 NNWGDDDGDG -16.635 0.0275202354672554 211 -19.365 0
104 NWGDDDGDGG -16.455 0.0279271927925528 212 -19.235 0
105 WGDDDGDGGG -16.715 0.0286111446980524 215 -19.635 0
106 GDDDGDGGGD -16.795 0.0276893083549564 243 -20.395 1
107 DDDGDGGGDD -17.435 0.027974330667255 377 -21.075 1
108 DDGDGGGDDD -17.655 0.0251471603388767 376 -20.755 1
109 DGDGGGDDDD -17.605 0.0269610049409652 243 -20.715 0
110 GDGGGDDDDD -17.555 0.0272074459238322 227 -20.695 0
111 DGGGDDDDDD -17.875 0.0282938232823173 378 -21.815 0
112 GGGDDDDDDD -17.825 0.0291896358282467 379 -21.815 0
113 GGDDDDDDDG -17.825 0.0292241069949185 380 -21.375 0
114 GDDDDDDDGP -17.825 0.0287071826756878 381 -20.775 0
115 DDDDDDDGPN -17.845 0.0226609092458139 514 -20.925 1
116 DDDDDDGPNN -17.765 0.0274304988125092 472 -20.395 0
117 DDDDDGPNNN -17.325 0.0270255443966151 472 -20.115 0
118 DDDDGPNNNN -17.185 0.0245585873455987 273 -19.915 0
119 DDDGPNNNND -17.125 0.0244747673473171 273 -19.665 0
120 DDGPNNNNDG -16.805 0.0205649935551905 274 -18.795 0
121 DGPNNNNDGD -16.505 0.0253447700403351 466 -18.795 0
122 GPNNNNDGDK -16.365 0.0260926497902532 268 -18.265 0
123 PNNNNDGDKN -16.705 0.0154143169409381 276 -18.975 0
124 NNNNDGDKNN -16.885 0.0274165644091975 270 -19.705 0
125 NNNDGDKNNN -16.935 0.016296478159123 276 -20.185 1
126 NNDGDKNNNP -16.595 0.0194582011428909 275 -19.335 1
127 NDGDKNNNPG -16.525 0.0239719686690246 273 -18.755 0
128 DGDKNNNPGG -16.555 0.020645612731331 274 -18.675 0
129 GDKNNNPGGG -16.565 0.027722534379832 195 -19.235 0
130 DKNNNPGGGN -16.855 0.026819391176927 196 -19.275 0
131 KNNNPGGGNN -17.095 0.0267895590749142 197 -19.115 0
132 NNNPGGGNNN -17.365 0.0260113063849102 197 -18.695 0
133 NNPGGGNNNK -17.095 0.0265483161845364 197 -19.115 1
134 NPGGGNNNKG -16.915 0.027171294962971 196 -19.135 1
135 PGGGNNNKGP -16.845 0.0277419680663022 195 -18.995 1
136 GGGNNNKGPN -17.295 0.0275419475809739 194 -19.005 1
137 GGNNNKGPNN -17.745 0.0267768883460205 193 -18.115 1
138 GNNNKGPNNN -17.875 0.0188186150279932 275 -18.565 0
139 NNNKGPNNNK -17.675 0.0165244336767795 276 -19.225 0
140 NNKGPNNNKD -17.705 0.0163654283806986 276 -19.975 1
141 NKGPNNNKDQ -17.325 0.0196496943229054 275 -19.355 1
142 KGPNNNKDQQ -17.135 0.0225398498836108 274 -18.375 1
143 GPNNNKDQQW -17.105 0.0255695722955112 466 -17.295 0
144 PNNNKDQQWN -17.125 0.0193029705923689 275 -17.365 0
145 NNNKDQQWNP -17.125 0.0159156386165512 276 -17.425 0
146 NNKDQQWNPG -17.045 0.0255073021595414 146 -17.045 0
147 NKDQQWNPGP -16.595 0.0254028228374353 470 -16.625 0
148 KDQQWNPGPN -16.545 0.0257634620352813 148 -16.545 0
149 DQQWNPGPNN -16.975 0.025864871848413 149 -16.975 0
150 QQWNPGPNNN -17.155 0.0256811958479309 150 -17.155 0
151 QWNPGPNNNK -17.375 0.025706850437797 151 -17.375 0
152 WNPGPNNNKK -17.515 0.027346149020333 270 -17.875 0
153 NPGPNNNKKD -17.795 0.0164184097866459 276 -19.155 1
154 PGPNNNKKDD -18.395 0.0200940454793744 275 -19.595 1
155 GPNNNKKDDD -18.905 0.0227892322653228 274 -21.225 1
156 PNNNKKDDDD -18.955 0.0268041942641656 273 -22.095 1
157 NNNKKDDDDG -19.405 0.0308223781372671 272 -22.655 1
158 NNKKDDDDGG -19.775 0.0292468136788407 271 -22.105 1
159 NKKDDDDGGG -19.935 0.0276510747016239 469 -21.615 0
160 KKDDDDGGGG -20.095 0.0268628080740115 469 -21.545 0
161 KDDDDGGGGG -20.465 0.0277420882772575 227 -20.955 1
162 DDDDGGGGGG -20.835 0.0281285539101612 226 -21.995 1
163 DDDGGGGGGG -21.175 0.0281431387647985 226 -21.905 1
164 DDGGGGGGGG -21.215 0.0292182978854055 225 -21.525 1
165 DGGGGGGGGG -21.365 0.0311042950490646 165 -21.365 0
166 GGGGGGGGGG -21.535 0.0319425541064487 221 -21.555 0
167 GGGGGGGGGD -21.155 0.0311042950490646 165 -21.365 1
168 GGGGGGGGDD -20.565 0.0292182978854055 225 -21.525 0
169 GGGGGGGDDP -19.905 0.029195946439532 216 -20.545 1
170 GGGGGGDDPK -19.855 0.0282129311894061 161 -19.915 1
171 GGGGGDDPKK -20.135 0.0273527405186904 171 -20.135 0
172 GGGGDDPKKK -20.195 0.0263463290144226 270 -20.535 0
173 GGGDDPKKKD -19.855 0.0279525169911503 271 -21.155 0
174 GGDDPKKKDT -18.955 0.0298178315304695 272 -21.295 0
175 GDDPKKKDTT -18.055 0.026584552993377 273 -21.345 0
176 DDPKKKDTTT -17.385 0.0243454788786725 274 -21.445 0
177 DPKKKDTTTD -17.575 0.0219431742571174 275 -20.745 0
178 PKKKDTTTDG -17.955 0.017367589798706 276 -19.815 0
179 KKKDTTTDGG -18.615 0.0298182336302035 272 -19.745 1
180 KKDTTTDGGG -18.455 0.0272486065596479 271 -18.995 1
181 KDTTTDGGGG -17.965 0.0279295556578243 161 -18.975 0
182 DTTTDGGGGG -17.695 0.0282441186264967 162 -19.345 0
183 TTTDGGGGGG -18.035 0.0290092453870099 163 -19.685 0
184 TTDGGGGGGG -18.485 0.0295096117534932 163 -20.325 0
185 TDGGGGGGGG -18.935 0.0304572282043675 164 -20.855 0
186 DGGGGGGGGD -19.245 0.0303404123901129 166 -20.785 0
187 GGGGGGGGDN -19.325 0.030366146765105 164 -20.825 1
188 GGGGGGGDNK -19.815 0.0291596677766166 162 -20.225 1
189 GGGGGGDNKK -20.095 0.0280534391964442 197 -20.915 1
190 GGGGGDNKKK -20.365 0.0283933860786699 197 -20.835 1
191 GGGGDNKKKN -20.095 0.0275387278332536 271 -20.735 0
192 GGGDNKKKNG -20.095 0.0290512040860586 272 -20.685 0
193 GGDNKKKNGG -20.095 0.0254851149974798 273 -20.545 0
194 GDNKKKNGGG -20.545 0.0290229737877591 194 -20.545 0
195 DNKKKNGGGG -20.785 0.0204963461247401 275 -20.805 0
196 NKKKNGGGGG -21.165 0.0288675753104174 196 -21.165 0
197 KKKNGGGGGG -21.275 0.0289347838429187 197 -21.275 0
198 KKNGGGGGGG -20.545 0.0285371091302676 197 -20.905 0
199 KNGGGGGGGG -19.815 0.0310183306900749 167 -20.795 1
200 NGGGGGGGGP -19.095 0.0305186174258724 222 -20.625 0
201 GGGGGGGGPN -19.205 0.0302654208563499 223 -20.585 0
202 GGGGGGGPNK -19.695 0.0305587618207276 167 -19.985 0
203 GGGGGGPNKD -19.605 0.0279667461317443 225 -19.895 0
204 GGGGGPNKDD -19.455 0.0271478376535078 226 -20.275 0
205 GGGGPNKDDD -19.545 0.0269278062404818 226 -20.635 0
206 GGGPNKDDDD -19.635 0.0255016366646586 465 -20.595 0
207 GGPNKDDDDD -19.725 0.0269191785373321 466 -21.055 0
208 GPNKDDDDDD -20.835 0.0281477076827827 467 -21.165 0
209 PNKDDDDDDD -21.165 0.0234815929953444 514 -21.865 0
210 NKDDDDDDDD -21.705 0.0212026010450898 515 -22.405 0
211 KDDDDDDDDG -21.865 0.0290426797875129 211 -21.865 0
212 DDDDDDDDGG -21.375 0.0295240716706294 380 -21.695 1
213 DDDDDDDGGG -21.255 0.0291896358282467 379 -21.815 1
214 DDDDDDGGGG -21.405 0.02802825943196 378 -21.495 1
215 DDDDDGGGGG -21.525 0.0280615915959131 227 -21.595 1
216 DDDDGGGGGG -21.645 0.0281285539101612 226 -21.995 1
217 DDDGGGGGGG -21.765 0.0281431387647985 226 -21.905 1
218 DDGGGGGGGG -21.105 0.0292182978854055 225 -21.525 1
219 DGGGGGGGGG -21.225 0.0311042950490646 165 -21.365 0
220 GGGGGGGGGG -21.345 0.0319425541064487 221 -21.555 0
221 GGGGGGGGGG -21.555 0.0319425541064487 221 -21.555 0
222 GGGGGGGGGG -21.315 0.0319425541064487 221 -21.555 0
223 GGGGGGGGGD -20.935 0.0311042950490646 165 -21.365 1
224 GGGGGGGGDD -21.125 0.0292182978854055 225 -21.525 0
225 GGGGGGGDDD -21.615 0.0281431387647985 226 -21.905 0
226 GGGGGGDDDD -21.995 0.0281285539101612 226 -21.995 0
227 GGGGGDDDDD -21.595 0.0280615915959131 227 -21.595 0
228 GGGGDDDDDG -21.385 0.0280374747093049 228 -21.385 0
229 GGGDDDDDGG -20.935 0.0269376169582427 229 -20.935 0
230 GGDDDDDGGK -20.955 0.0264328852456503 230 -20.955 0
231 GDDDDDGGKK -20.895 0.0271030655611652 231 -20.895 0
232 DDDDDGGKKR -20.965 0.0267405810527188 232 -20.965 0
233 DDDDGGKKRD -21.275 0.0271029136874028 233 -21.275 0
234 DDDGGKKRDD -21.745 0.0269224838645726 234 -21.745 0
235 DDGGKKRDDD -21.135 0.0232535857151602 274 -21.945 1
236 DGGKKRDDDD -20.635 0.0263735801688337 273 -22.395 1
237 GGKKRDDDDG -21.035 0.0300171084680367 272 -22.115 1
238 GKKRDDDDGD -21.125 0.0293744157976179 468 -22.565 0
239 KKRDDDDGDD -21.455 0.0301232603406749 270 -22.815 1
240 KRDDDDGDDD -21.315 0.0292241620938687 469 -21.705 0
241 RDDDDGDDDD -21.255 0.0205264230753941 515 -21.355 1
242 DDDDGDDDDD -21.515 0.0236775330381753 514 -21.865 1
243 DDDGDDDDDD -21.675 0.0265587508624181 513 -22.145 0
244 DDGDDDDDDG -20.435 0.0288077432457392 381 -21.025 0
245 DGDDDDDDGG -19.975 0.0291926535440735 380 -21.375 1
246 GDDDDDDGGG -19.515 0.0289751090016005 379 -21.495 1
247 DDDDDDGGGG -19.305 0.02802825943196 378 -21.495 1
248 DDDDDGGGGK -19.155 0.0277655485833086 227 -20.335 1
249 DDDDGGGGKD -19.375 0.0271206059149237 471 -20.845 0
250 DDDGGGGKDD -19.345 0.0268194774732991 472 -20.875 0
251 DDGGGGKDDD -19.345 0.0250571135485959 234 -20.565 0
252 DGGGGKDDDG -18.785 0.0267570089937768 227 -20.565 0
253 GGGGKDDDGG -17.995 0.0272955075035409 228 -21.255 0
254 GGGKDDDGGE -18.295 0.026314944545539 378 -19.895 0
255 GGKDDDGGEE -18.595 0.0269277856457861 468 -19.815 0
256 GKDDDGGEED -18.355 0.0269045032783238 210 -19.785 0
257 KDDDGGEEDG -17.885 0.0272480855512441 211 -20.355 0
258 DDDGGEEDGG -17.885 0.0280752266757595 212 -19.865 0
259 DDGGEEDGGD -17.505 0.0277394627992822 378 -19.845 1
260 DGGEEDGGDD -17.345 0.0278447035935334 378 -19.695 0
261 GGEEDGGDDD -17.375 0.0283048645503033 380 -20.035 0
262 GEEDGGDDDK -18.005 0.0271532987991903 211 -20.005 1
263 EEDGGDDDKN -18.435 0.0276608912516162 269 -20.075 0
264 EDGGDDDKND -18.845 0.0273844322169183 468 -20.665 1
265 DGGDDDKNDD -19.615 0.0276491395240184 467 -20.805 1
266 GGDDDKNDDD -20.645 0.0222173333699997 514 -20.745 0
267 GDDDKNDDDH -21.165 0.0258611964114873 267 -21.165 0
268 DDDKNDDDHK -22.215 0.029032056357329 268 -22.215 0
269 DDKNDDDHKK -22.725 0.0302121961736604 269 -22.725 0
270 DKNDDDHKKK -24.035 0.0311101919180999 270 -24.035 0
271 KNDDDHKKKK -24.405 0.0342125493326576 271 -24.405 0
272 NDDDHKKKKK -24.515 0.0355484738654578 272 -24.515 0
273 DDDHKKKKKK -25.055 0.0331818045732906 273 -25.055 0
274 DDHKKKKKKK -24.985 0.0309175146100571 274 -24.985 0
275 DHKKKKKKKK -24.775 0.0279900681089531 275 -24.775 0
276 HKKKKKKKKD -24.495 0.0238568394696459 276 -24.495 0
373 DHKEDDGGGD -19.715 0.0270138485109189 468 -20.595 0
374 HKEDDGGGDD -20.015 0.0274737830823223 469 -20.235 0
375 KEDDGGGDDD -20.825 0.0215664703725274 375 -20.825 0
376 EDDGGGDDDD -21.115 0.025395706782487 376 -21.115 0
377 DDGGGDDDDD -21.395 0.0283359252739053 377 -21.395 0
378 DGGGDDDDDD -21.815 0.0282938232823173 378 -21.815 0
379 GGGDDDDDDD -21.815 0.0291896358282467 379 -21.815 0
380 GGDDDDDDDD -21.695 0.0295240716706294 380 -21.695 0
381 GDDDDDDDDG -21.655 0.0287331076935056 381 -21.655 0
382 DDDDDDDDGW -21.375 0.0290577688680336 382 -21.375 0
383 DDDDDDDGWW -20.625 0.0286854923649884 383 -20.625 0
384 DDDDDDGWWE -19.955 0.0278135026156684 384 -19.955 0
385 DDDDDGWWED -19.955 0.0277355772889346 385 -19.955 0
386 DDDDGWWEDD -19.955 0.0262709107392813 386 -19.955 0
387 DDDGWWEDDG -19.625 0.0251478806038781 387 -19.625 0
388 DDGWWEDDGG -18.515 0.0274266188693157 212 -18.535 0
389 DGWWEDDGGG -18.185 0.0275923764854258 213 -18.415 0
390 GWWEDDGGGG -18.305 0.0279520351355274 214 -18.565 0
391 WWEDDGGGGG -18.575 0.0282028552125092 215 -19.005 0
392 WEDDGGGGGG -18.875 0.0289089848053587 216 -20.255 0
393 EDDGGGGGGG -19.175 0.0280782828893042 226 -21.735 1
394 DDGGGGGGGG -19.755 0.0292182978854055 225 -21.525 1
395 DGGGGGGGGG -19.875 0.0311042950490646 165 -21.365 0
396 GGGGGGGGGG -19.995 0.0319425541064487 221 -21.555 0
397 GGGGGGGGGD -20.325 0.0311042950490646 165 -21.365 1
398 GGGGGGGGDD -20.655 0.0292182978854055 225 -21.525 0
399 GGGGGGGDDD -20.985 0.0281431387647985 226 -21.905 0
400 GGGGGGDDDG -20.305 0.0279947932686511 227 -21.485 0
401 GGGGGDDDGW -19.565 0.0286382624373417 215 -20.075 1
402 GGGGDDDGWW -18.815 0.0268651848350003 383 -19.345 0
403 GGGDDDGWWG -18.545 0.0269629896502633 384 -18.765 0
404 GGDDDGWWGG -18.545 0.0268047768380373 228 -19.105 1
405 GDDDGWWGGG -18.545 0.0271917719822494 227 -19.315 1
406 DDDGWWGGGG -18.545 0.0279006615397263 226 -19.735 1
407 DDGWWGGGGG -18.665 0.0289006276007602 225 -19.355 1
408 DGWWGGGGGG -18.785 0.0298697602184204 217 -18.985 0
409 GWWGGGGGGG -18.905 0.0308998745575706 221 -18.915 1
410 WWGGGGGGGG -19.195 0.0304727776209338 223 -19.295 1
411 WGGGGGGGGN -19.565 0.0305726575395843 222 -20.035 1
412 GGGGGGGGNE -20.575 0.0295780081535185 224 -21.025 0
455 GGGGGGGDHW -18.815 0.0289392762711941 168 -19.025 0
456 GGGGGGDHWG -18.505 0.0237672739046557 409 -18.575 1
457 GGGGGDHWGG -18.545 0.0203639086593073 457 -18.545 0
458 GGGGDHWGGD -17.955 0.0262447284085105 378 -18.555 0
459 GGGDHWGGDD -17.635 0.0275419381942884 379 -18.875 0
460 GGDHWGGDDK -17.755 0.0257202672630256 479 -17.995 1
461 GDHWGGDDKR -18.545 0.0263463134819077 470 -18.685 1
462 DHWGGDDKRR -19.185 0.0272127540009728 469 -19.255 1
463 HWGGDDKRRD -20.105 0.0257867467521971 463 -20.105 0
464 WGGDDKRRDD -21.345 0.0278876806372463 464 -21.345 0
465 GGDDKRRDDD -21.955 0.0269821546318358 465 -21.955 0
466 GDDKRRDDDD -22.415 0.0270287255446063 273 -22.585 1
467 DDKRRDDDDD -22.525 0.0323585093879841 272 -22.735 1
468 DKRRDDDDDD -22.995 0.0304714999813643 468 -22.995 0
469 KRRDDDDDDG -23.135 0.0303391190432933 469 -23.135 0
470 RRDDDDDDGK -23.135 0.0290813655783857 470 -23.135 0
471 RDDDDDDGKD -22.415 0.0293050814854303 471 -22.415 0
472 DDDDDDGKDD -21.835 0.0284969849993323 472 -21.835 0
473 DDDDDGKDDD -21.085 0.0233132599698689 514 -21.425 0
474 DDDDGKDDDG -19.975 0.0251948433484102 267 -20.885 1
475 DDDGKDDDGD -19.925 0.0225639480216877 514 -20.655 1
476 DDGKDDDGDD -19.875 0.0248028938695971 513 -21.035 0
477 DGKDDDGDDD -20.655 0.0284931861924563 468 -21.445 0
478 GKDDDGDDDD -20.655 0.0289387451079621 469 -21.085 0
479 KDDDGDDDDD -20.985 0.0175670175670176 516 -21.575 0
480 DDDGDDDDDG -20.835 0.0276913050240327 243 -21.355 0
481 DDGDDDDDGD -20.885 0.0286326455978068 481 -20.885 0
482 DGDDDDDGDD -20.885 0.0286326455978068 481 -20.885 1
483 GDDDDDGDDD -20.885 0.0276913050240327 243 -21.355 1
484 DDDDDGDDDG -20.655 0.0279130821015332 242 -21.085 1
485 DDDDGDDDGD -20.025 0.0277223910221397 242 -21.195 0
486 DDDGDDDGDD -19.395 0.0223870221705696 514 -21.495 1
487 DDGDDDGDDD -18.615 0.0223870221705696 514 -21.495 0
488 DGDDDGDDDD -18.615 0.0277223910221397 242 -21.195 1
489 GDDDGDDDDD -18.615 0.0279130821015332 242 -21.085 0
490 DDDGDDDDDD -18.795 0.0265587508624181 513 -22.145 0
491 DDGDDDDDDG -18.945 0.0288077432457392 381 -21.025 0
492 DGDDDDDDGG -18.795 0.0291926535440735 380 -21.375 1
493 GDDDDDDGGD -18.765 0.0288369818993576 379 -20.595 1
494 DDDDDDGGDD -19.295 0.0250456779375766 513 -21.375 1
495 DDDDDGGDDD -19.975 0.0273325869779941 243 -21.355 1
496 DDDDGGDDDG -20.095 0.0272576156093278 242 -20.875 0
497 DDDGGDDDGG -19.535 0.028737339657366 380 -21.055 1
498 DDGGDDDGGW -18.915 0.0280630129609606 382 -20.415 0
499 DGGDDDGGWG -18.765 0.0274946924222712 378 -19.535 1
500 GGDDDGGWGD -18.585 0.0274558306008445 243 -19.265 1
501 GDDDGGWGDE -17.915 0.0244444738198787 376 -19.155 1
502 DDDGGWGDEE -17.695 0.0266726798014928 241 -19.055 1
503 DDGGWGDEEH -17.255 0.0270542812474317 471 -18.795 1
504 DGGWGDEEHD -17.505 0.0268761015824452 228 -18.105 0
505 GGWGDEEHDD -17.755 0.0245246333646223 513 -18.485 0
506 GWGDEEHDDD -18.145 0.0230370705235798 514 -19.925 0
507 WGDEEHDDDR -18.525 0.0182763084359909 516 -20.585 1
508 GDEEHDDDRD -19.335 0.0184917045664751 516 -21.145 0
509 DEEHDDDRDD -19.905 0.0258357956001017 514 -22.575 1
510 EEHDDDRDDD -20.115 0.0260930034851958 514 -22.295 0
511 EHDDDRDDDD -20.695 0.0226961657531578 515 -22.105 0
512 HDDDRDDDDD -21.845 0.019013223216862 516 -22.415 0
513 DDDRDDDDDE -22.925 0.0286403822640422 513 -22.925 0
514 DDRDDDDDEE -23.315 0.0257923448991762 514 -23.315 0
515 DRDDDDDEER -22.805 0.0230697485549683 515 -22.805 0
516 RDDDDDEERE -22.855 0.019919505717988 516 -22.855 0

273 DDDHKKKKKK -25.055 0.0331818045732906 273 -25.055 0
272 NDDDHKKKKK -24.515 0.0355484738654578 272 -24.515 0