potential =  MJ_original_pot.txt
original sequence =  FUS.txt

1 FIDDRPSNNI -6.815 0.02810616616583 1 -6.815 0
2 IDDRPSNNIS -6.625 0.0256758526386956 2 -6.625 0
3 DDRPSNNISN -6.825 0.0251392535178008 509 -6.935 1
4 DRPSNNISND -6.825 0.0228951025595304 4 -6.825 0
5 RPSNNISNDP -6.595 0.0244027143794507 5 -6.595 0
6 PSNNISNDPG -6.115 0.0229593898303195 6 -6.115 0
7 SNNISNDPGI -6.015 0.0236950191981109 7 -6.015 0
8 NNISNDPGIP -6.015 0.0231302150998989 8 -6.015 0
9 NISNDPGIPW -6.055 0.0237556958989528 9 -6.055 0
10 ISNDPGIPWS -5.955 0.0235800933225449 500 -5.985 0
11 SNDPGIPWSN -6.155 0.0225585555943984 501 -6.585 0
12 NDPGIPWSNW -6.295 0.0238094509910665 502 -6.755 0
13 DPGIPWSNWG -6.365 0.0248729393815924 503 -6.395 0
14 PGIPWSNWGN -6.345 0.0245516149401996 14 -6.345 0
15 GIPWSNWGNG -6.515 0.0236278895764812 15 -6.515 0
16 IPWSNWGNGP -6.345 0.0246768215582777 16 -6.345 0
17 PWSNWGNGPD -6.565 0.023722061041152 17 -6.565 0
18 WSNWGNGPDN -6.665 0.023590720457174 18 -6.665 0
19 SNWGNGPDNN -6.625 0.0235504924336555 19 -6.625 0
20 NWGNGPDNND -6.745 0.0256909852099298 467 -6.785 0
21 WGNGPDNNDD -6.765 0.0244646068541483 464 -7.435 0
22 GNGPDNNDDN -6.725 0.0260408704071753 471 -7.365 1
23 NGPDNNDDNW -6.695 0.0211421351928835 515 -7.215 0
24 GPDNNDDNWP -6.595 0.019651637159743 516 -7.155 0
25 PDNNDDNWPG -6.595 0.0159908787547517 517 -7.325 0
26 DNNDDNWPGN -6.695 0.0284897173379118 512 -7.325 1
27 NNDDNWPGNN -6.675 0.0256897361712615 470 -6.715 0
28 NDDNWPGNND -6.695 0.0234642153374217 250 -7.095 0
29 DDNWPGNNDP -6.595 0.0233764739417301 251 -7.055 0
30 DNWPGNNDPD -6.595 0.0245214422538148 242 -7.005 1
31 NWPGNNDPDG -6.645 0.0224539835649061 31 -6.645 0
32 WPGNNDPDGP -6.545 0.0226335864692189 32 -6.545 0
33 PGNNDPDGPD -6.525 0.0266141312339098 213 -7.285 1
34 GNNDPDGPDN -6.625 0.0269085542094582 212 -7.615 1
35 NNDPDGPDND -6.575 0.0271245393369446 379 -7.595 0
36 NDPDGPDNDS -6.475 0.0253417932826109 380 -7.615 0
37 DPDGPDNDSR -7.025 0.0252530499005536 381 -7.405 0
38 PDGPDNDSRS -6.905 0.0262223094910837 268 -7.035 0
39 DGPDNDSRSD -7.025 0.0255076248517073 377 -7.465 1
40 GPDNDSRSDG -7.075 0.0270426726315763 483 -7.665 0
41 PDNDSRSDGP -6.905 0.0263838937169625 484 -7.395 0
42 DNDSRSDGPG -7.075 0.0207292949651028 515 -7.565 1
43 NDSRSDGPGN -7.055 0.0245028400161928 43 -7.055 0
44 DSRSDGPGND -7.075 0.0262545211085746 472 -7.125 0
45 SRSDGPGNDD -7.075 0.0251316365455569 239 -7.075 0
46 RSDGPGNDDP -7.075 0.0255803386924122 240 -7.275 0
47 SDGPGNDDPD -6.545 0.0260856316458154 473 -7.285 1
48 DGPGNDDPDD -6.665 0.0267462471679647 472 -7.975 1
49 GPGNDDPDDP -6.545 0.0265224826425837 471 -7.035 1
50 PGNDDPDDPG -6.545 0.0272983050762226 469 -7.415 0
51 GNDDPDDPGN -6.645 0.0273012757119028 470 -7.255 0
52 NDDPDDPGND -6.595 0.0251264367247009 514 -7.375 1
53 DDPDDPGNDN -6.595 0.0240066164036597 495 -7.455 0
54 DPDDPGNDND -6.705 0.0253438776657547 242 -7.945 1
55 PDDPGNDNDS -6.585 0.0183088207729891 516 -7.155 0
56 DDPGNDNDSG -6.755 0.0264897288932333 376 -7.465 0
57 DPGNDNDSGP -6.635 0.0260068597731841 481 -7.165 0
58 PGNDNDSGPG -6.685 0.0258472142446869 382 -6.965 1
59 GNDNDSGPGS -6.685 0.0257857906526199 381 -7.075 1
60 NDNDSGPGSN -6.615 0.0247503821511042 380 -6.845 1
61 DNDSGPGSND -6.635 0.0249553606183967 242 -7.175 0
62 NDSGPGSNDS -6.515 0.0243778970324672 243 -6.835 1
63 DSGPGSNDSW -6.555 0.0256114461997813 242 -6.695 1
64 SGPGSNDSWN -6.425 0.0234621393770042 64 -6.425 0
65 GPGSNDSWNG -6.595 0.0229638774941256 65 -6.595 0
66 PGSNDSWNGP -6.425 0.0229989461399343 66 -6.425 0
67 GSNDSWNGPG -6.595 0.0234518591363384 67 -6.595 0
68 SNDSWNGPGD -6.545 0.0246554512007457 244 -6.675 1
69 NDSWNGPGDS -6.545 0.0243696468418873 243 -6.675 1
70 DSWNGPGDSG -6.615 0.0232930064048651 501 -6.795 1
71 SWNGPGDSGG -6.665 0.0234408237305389 71 -6.665 0
72 WNGPGDSGGP -6.665 0.0239538850033714 72 -6.665 0
73 NGPGDSGGPG -6.695 0.0244897033361141 73 -6.695 0
74 GPGDSGGPGD -6.715 0.0253246159812085 385 -7.025 0
75 PGDSGGPGDD -6.665 0.0262071959410295 376 -7.365 1
76 GDSGGPGDDN -6.765 0.02560859943092 483 -7.295 1
77 DSGGPGDDND -6.715 0.0267225191391015 377 -7.685 0
78 SGGPGDDNDD -6.715 0.025817305946574 513 -7.055 0
79 GGPGDDNDDN -6.815 0.0263111287947344 471 -7.275 1
80 GPGDDNDDND -6.765 0.0212024564611696 515 -8.065 0
81 PGDDNDDNDD -6.715 0.0206240477932797 516 -7.605 0
82 GDDNDDNDDP -6.715 0.0172425427689539 517 -7.915 0
83 DDNDDNDDPG -6.715 0.0208742319096815 516 -7.665 1
84 DNDDNDDPGN -6.695 0.0218615798245721 515 -7.895 1
85 NDDNDDPGNN -6.675 0.0269414096169855 471 -7.655 0
86 DDNDDPGNND -6.695 0.0268208379715448 472 -8.075 0
87 DNDDPGNNDD -6.695 0.0257567717592513 268 -7.525 1
88 NDDPGNNDDP -6.575 0.0243389808350324 465 -7.495 0
89 DDPGNNDDPW -6.615 0.0260742727891694 466 -7.285 0
90 DPGNNDDPWG -6.665 0.0257375890014997 467 -7.145 0
91 PGNNDDPWGP -6.545 0.0250671707284142 468 -6.815 0
92 GNNDDPWGPG -6.715 0.0253728753421855 469 -6.985 0
93 NNDDPWGPGN -6.645 0.0225191228432123 93 -6.645 0
94 NDDPWGPGNN -6.645 0.0218752869868675 94 -6.645 0
95 DDPWGPGNNW -6.685 0.023475201848587 95 -6.685 0
96 DPWGPGNNWI -6.465 0.0237738376650878 96 -6.465 0
97 PWGPGNNWIW -6.485 0.0238739314767999 97 -6.485 0
98 WGPGNNWIWD -6.605 0.0240032016974078 98 -6.605 0
99 GPGNNWIWDD -6.585 0.0237898480685166 99 -6.585 0
100 PGNNWIWDDS -6.415 0.0231292924154235 100 -6.415 0
101 GNNWIWDDSD -6.535 0.020427853452737 515 -6.645 0
102 NNWIWDDSDG -6.535 0.0234544777648549 102 -6.535 0
103 NWIWDDSDGD -6.555 0.023026229727412 103 -6.555 0
104 WIWDDSDGDP -6.455 0.0226543758527718 104 -6.455 0
105 IWDDSDGDPG -6.485 0.0286423252179612 211 -6.705 0
106 WDDSDGDPGD -6.705 0.0286714248215692 213 -7.495 1
107 DDSDGDPGDD -6.685 0.0273792470156107 472 -7.875 1
108 DSDGDPGDDD -6.685 0.0275927547132588 379 -7.745 0
109 SDGDPGDDDN -6.665 0.0263243049637507 380 -7.815 0
110 DGDPGDDDND -6.785 0.0268108636100977 242 -8.145 0
111 GDPGDDDNDD -6.785 0.0283444656373214 513 -8.025 0
112 DPGDDDNDDD -6.735 0.0271588163160088 242 -7.845 1
113 PGDDDNDDDP -6.615 0.027614572551239 484 -7.165 1
114 GDDDNDDDPG -6.785 0.0279073991796418 483 -7.435 1
115 DDDNDDDPGN -6.715 0.02550835083364 514 -7.445 1
116 DDNDDDPGNW -6.735 0.025870234881518 383 -7.285 0
117 DNDDDPGNWN -6.715 0.0265732567230112 512 -6.835 1
118 NDDDPGNWND -6.715 0.0248302190991156 385 -7.355 0
119 DDDPGNWNDG -6.785 0.0244284460232435 386 -7.585 0
120 DDPGNWNDGD -6.785 0.0260162146623896 472 -6.925 0
121 DPGNWNDGDP -6.665 0.0238219467179603 388 -6.935 0
122 PGNWNDGDPD -6.665 0.0259388087572941 476 -6.865 0
123 GNWNDGDPDN -6.765 0.0262308055601649 477 -6.995 0
124 NWNDGDPDNN -6.695 0.0268745556792788 478 -6.745 0
125 WNDGDPDNNW -6.735 0.0229059055256017 125 -6.735 0
126 NDGDPDNNWD -6.715 0.0282721137252028 513 -7.475 0
127 DGDPDNNWDP -6.615 0.0249628788092496 514 -7.175 0
128 GDPDNNWDPG -6.665 0.0265601180103415 241 -7.055 0
129 DPDNNWDPGG -6.665 0.0254450372269105 242 -6.885 0
130 PDNNWDPGGN -6.645 0.023728620562044 130 -6.645 0
131 DNNWDPGGNN -6.745 0.0233413495543924 131 -6.745 0
132 NNWDPGGNNN -6.725 0.0232936374512272 132 -6.725 0
133 NWDPGGNNND -6.745 0.0195069568374781 374 -6.815 0
134 WDPGGNNNDP -6.645 0.0237174495492761 134 -6.645 0
135 DPGGNNNDPG -6.675 0.024845044012709 244 -7.035 0
136 PGGNNNDPGN -6.655 0.0232580555971276 136 -6.655 0
137 GGNNNDPGNN -6.755 0.0240252571324598 137 -6.755 0
138 GNNNDPGNNN -6.685 0.0253271182714421 209 -6.725 0
139 NNNDPGNNND -6.635 0.0261396640990024 269 -6.875 1
140 NNDPGNNNDP -6.535 0.024294388187858 465 -6.835 0
141 NDPGNNNDPD -6.665 0.0251051080671212 376 -6.945 0
142 DPGNNNDPDW -6.705 0.0236021492822321 142 -6.705 0
143 PGNNNDPDWW -6.725 0.0240137740213376 143 -6.725 0
144 GNNNDPDWWN -6.825 0.0233243401508609 144 -6.825 0
145 NNNDPDWWNG -6.825 0.0238940349169072 145 -6.825 0
146 NNDPDWWNGP -6.725 0.0242729217629028 146 -6.725 0
147 NDPDWWNGPG -6.795 0.0238815102264678 147 -6.795 0
148 DPDWWNGPGN -6.795 0.0235581807377711 148 -6.795 0
149 PDWWNGPGNN -6.775 0.0249318865414471 149 -6.775 0
150 DWWNGPGNND -7.005 0.0234664828499551 150 -7.005 0
151 WWNGPGNNDN -6.875 0.0240750379585705 151 -6.875 0
152 WNGPGNNDNP -6.735 0.023853490552904 152 -6.735 0
153 NGPGNNDNPD -6.825 0.024567323796881 377 -7.015 0
154 GPGNNDNPDD -6.845 0.0257324564323743 513 -7.345 0
155 PGNNDNPDDD -6.795 0.0266518695996218 379 -7.445 0
156 GNNDNPDDDD -6.915 0.0216761844460409 515 -7.925 0
157 NNDNPDDDDG -6.915 0.0279421457252579 211 -7.655 0
158 NDNPDDDDGG -6.985 0.0276120753078528 480 -7.675 0
159 DNPDDDDGGG -7.055 0.0266616323398658 482 -7.505 1
160 NPDDDDGGGG -6.995 0.0264279583435659 160 -6.995 0
161 PDDDDGGGGG -7.065 0.0280264404909006 214 -7.205 0
162 DDDDGGGGGG -7.235 0.028762971151446 215 -7.475 0
163 DDDGGGGGGG -7.175 0.0289197163785863 216 -7.775 0
164 DDGGGGGGGG -7.225 0.0285218428305148 225 -7.41500000000001 1
165 DGGGGGGGGG -7.27500000000001 0.0300743157692089 218 -7.59500000000001 0
166 GGGGGGGGGG -7.32500000000001 0.0312839758200884 166 -7.32500000000001 0
167 GGGGGGGGGD -7.38500000000001 0.0300743157692089 218 -7.59500000000001 1
168 GGGGGGGGDP -7.21500000000001 0.0290091467590391 217 -7.32500000000001 1
169 GGGGGGGDPG -7.21500000000001 0.0272226695216278 400 -7.32500000000001 0
170 GGGGGGDPGN -7.14500000000001 0.0272372001967584 170 -7.14500000000001 0
171 GGGGGDPGNR -7.62500000000001 0.0264502111466426 171 -7.62500000000001 0
172 GGGGDPGNRN -7.555 0.0255352127768267 172 -7.555 0
173 GGGDPGNRND -7.505 0.0245814264366656 173 -7.505 0
174 GGDPGNRNDD -7.455 0.0260641484224202 465 -7.685 0
175 GDPGNRNDDF -7.475 0.0239884928227739 175 -7.475 0
176 DPGNRNDDFD -7.425 0.026420018463421 467 -7.485 0
177 PGNRNDDFDD -7.315 0.0234020240016695 177 -7.315 0
178 GNRNDDFDDG -7.485 0.0274166532154566 468 -7.645 0
179 NRNDDFDDGG -7.485 0.0266350425222439 469 -8.095 0
180 RNDDFDDGGG -7.555 0.0272066469807893 470 -7.875 0
181 NDDFDDGGGD -7.025 0.0266529237395426 244 -7.255 1
182 DDFDDGGGDG -7.095 0.0270111045934368 243 -7.485 1
183 DFDDGGGDGG -7.145 0.0268009326981662 242 -7.345 1
184 FDDGGGDGGG -7.195 0.0230688267569847 375 -7.36500000000001 0
185 DDGGGDGGGP -7.005 0.0267728755198293 243 -7.275 0
186 DGGGDGGGPG -7.055 0.0269544481809844 244 -7.575 0
187 GGGDGGGPGD -7.16500000000001 0.0263852693013743 242 -7.485 1
188 GGDGGGPGDN -7.095 0.0258656176545811 376 -7.765 1
189 GDGGGPGDNR -7.575 0.0258857240591235 240 -8.095 1
190 DGGGPGDNRN -7.505 0.0246552299909711 239 -7.665 1
191 GGGPGDNRND -7.505 0.0257800634503132 191 -7.505 0
192 GGPGDNRNDG -7.505 0.0266019518503928 192 -7.505 0
193 GPGDNRNDGG -7.505 0.0258020136326684 193 -7.505 0
194 PGDNRNDGGG -7.505 0.025992092729357 194 -7.505 0
195 GDNRNDGGGG -7.675 0.0267298633806983 195 -7.675 0
196 DNRNDGGGGD -7.625 0.0252660318727232 196 -7.625 0
197 NRNDGGGGDG -7.565 0.0257222407949224 210 -7.665 0
198 RNDGGGGDGG -7.635 0.025103296758167 211 -7.735 0
199 NDGGGGDGGP -6.985 0.026420063154558 212 -7.545 0
200 DGGGGDGGPG -7.055 0.0253247369150662 498 -7.52500000000001 0
201 GGGGDGGPGN -7.035 0.0262833887508571 201 -7.035 0
202 GGGDGGPGNN -6.965 0.0258522902791335 202 -6.965 0
203 GGDGGPGNNR -7.445 0.0237533553647059 249 -7.455 0
204 GDGGPGNNRE -7.955 0.0233683034328636 250 -7.965 0
205 DGGPGNNREG -7.955 0.0244964860677639 495 -7.975 0
206 GGPGNNREGG -8.005 0.0249621062471112 206 -8.005 0
207 GPGNNREGGE -8.515 0.0258411614446255 207 -8.515 0
208 PGNNREGGEG -8.515 0.027704394744954 208 -8.515 0
209 GNNREGGEGE -9.195 0.0277195682930608 209 -9.195 0
210 NNREGGEGEG -9.195 0.0252196357953066 210 -9.195 0
211 NREGGEGEGG -9.265 0.0262280964993541 211 -9.265 0
212 REGGEGEGGD -9.285 0.0288316698226846 212 -9.285 0
213 EGGEGEGGDG -8.805 0.0293844924060751 213 -8.805 0
214 GGEGEGGDGG -8.29500000000001 0.0275213549598494 381 -8.59500000000001 1
215 GEGEGGDGGG -8.29500000000001 0.0265982362369003 380 -8.59500000000001 1
216 EGEGGDGGGG -8.29500000000001 0.0279358649623492 379 -8.59500000000001 1
217 GEGGDGGGGG -7.78500000000001 0.027816728212432 378 -8.085 1
218 EGGDGGGGGG -7.78500000000001 0.0284758106723476 218 -7.78500000000001 0
219 GGDGGGGGGG -7.27500000000001 0.0273364607572728 400 -7.59500000000001 1
220 GDGGGGGGGG -7.27500000000001 0.0295508011621851 217 -7.59500000000001 0
221 DGGGGGGGGG -7.27500000000001 0.0300743157692089 218 -7.59500000000001 0
222 GGGGGGGGGG -7.32500000000001 0.0312839758200884 166 -7.32500000000001 0
223 GGGGGGGGGP -7.15500000000001 0.0301074995229311 223 -7.15500000000001 0
224 GGGGGGGGPD -7.21500000000001 0.0294981363185391 218 -7.32500000000001 1
225 GGGGGGGPDE -7.72500000000001 0.028015855877323 225 -7.72500000000001 0
226 GGGGGGPDED -7.675 0.0270342210008749 226 -7.675 0
227 GGGGGPDEDD -7.625 0.0272830182220929 227 -7.625 0
228 GGGGPDEDDG -7.625 0.0276353073306677 228 -7.625 0
229 GGGPDEDDGG -7.625 0.0264979241662172 229 -7.625 0
230 GGPDEDDGGP -7.455 0.0252910892932406 230 -7.455 0
231 GPDEDDGGPK -8.085 0.0264092862181748 231 -8.085 0
232 PDEDDGGPKW -8.055 0.0268366779571784 232 -8.055 0
233 DEDDGGPKWE -8.735 0.0258022991502432 233 -8.735 0
234 EDDGGPKWEG -8.675 0.0257542666333556 234 -8.675 0
235 DDGGPKWEGE -8.675 0.0258840568049242 235 -8.675 0
236 DGGPKWEGEG -8.725 0.0259835556642646 236 -8.725 0
237 GGPKWEGEGG -8.77500000000001 0.0259270367017662 237 -8.77500000000001 0
238 GPKWEGEGGG -8.77500000000001 0.0251327146735827 238 -8.77500000000001 0
239 PKWEGEGGGE -9.285 0.0263935724049516 239 -9.285 0
240 KWEGEGGGEG -9.45500000000001 0.0276683884825858 240 -9.45500000000001 0
241 WEGEGGGEGG -8.82500000000001 0.0285237241223115 241 -8.82500000000001 0
242 EGEGGGEGGE -9.36500000000001 0.0275097746165142 242 -9.36500000000001 0
243 GEGGGEGGEG -8.855 0.027581294502266 243 -8.855 0
244 EGGGEGGEGG -8.85500000000001 0.0282732040184495 244 -8.85500000000001 0
245 GGGEGGEGGF -8.36500000000001 0.0260538962737164 245 -8.36500000000001 0
246 GGEGGEGGFG -8.36500000000001 0.0276926668417521 246 -8.36500000000001 0
247 GEGGEGGFGG -8.36500000000001 0.0275053637708037 247 -8.36500000000001 0
248 EGGEGGFGGD -8.315 0.0255059307439484 248 -8.315 0
249 GGEGGFGGDR -8.285 0.0253589929837725 249 -8.285 0
250 GEGGFGGDRE -8.795 0.0254185313439871 250 -8.795 0
251 EGGFGGDREG -8.795 0.0243247677943625 251 -8.795 0
252 GGFGGDREGG -8.285 0.023972185441223 252 -8.285 0
253 GFGGDREGGM -8.305 0.0233712406364763 253 -8.305 0
254 FGGDREGGMD -8.365 0.0239657035107478 254 -8.365 0
255 GGDREGGMDE -8.975 0.0244217264227051 255 -8.975 0
256 GDREGGMDEM -8.995 0.0216265449111151 256 -8.995 0
257 DREGGMDEMG -8.995 0.0231849710812694 257 -8.995 0
258 REGGMDEMGG -9.04500000000001 0.0250314649327267 258 -9.04500000000001 0
259 EGGMDEMGGW -8.535 0.0228130569746936 259 -8.535 0
260 GGMDEMGGWE -8.535 0.0260578977578367 260 -8.535 0
261 GMDEMGGWER -9.015 0.0264895169341832 261 -9.015 0
262 MDEMGGWERN -8.945 0.0226663807094087 262 -8.945 0
263 DEMGGWERNG -8.925 0.0258071704678889 263 -8.925 0
264 EMGGWERNGD -8.815 0.0245854509836781 264 -8.815 0
265 MGGWERNGDE -8.695 0.025612780420706 265 -8.695 0
266 GGWERNGDEH -8.745 0.0253936021876566 266 -8.745 0
267 GWERNGDEHR -9.225 0.0260854715450625 267 -9.225 0
268 WERNGDEHRD -9.175 0.0279658390728865 268 -9.175 0
269 ERNGDEHRDK -9.835 0.0299845306030346 269 -9.835 0
270 RNGDEHRDKN -9.255 0.0295850077672343 270 -9.255 0
271 NGDEHRDKNR -9.255 0.0309948409635617 271 -9.255 0
272 GDEHRDKNRD -9.385 0.0306845794454301 272 -9.385 0
273 DEHRDKNRDD -9.335 0.033253742086759 273 -9.335 0
274 EHRDKNRDDR -9.865 0.0302952944748843 274 -9.865 0
275 HRDKNRDDRD -9.415 0.027086421152948 275 -9.415 0
276 RDKNRDDRDD -9.405 0.021590522601767 276 -9.405 0
277 DKNRDDRDDS -8.755 0.0182790105297146 277 -8.755 0
372 EIRMDEGGGD -8.695 0.0146214559456839 372 -8.695 0
373 IRMDEGGGDG -8.185 0.0175370439116759 373 -8.185 0
374 RMDEGGGDGE -8.965 0.0200945529962195 374 -8.965 0
375 MDEGGGDGEG -8.485 0.0231880529392617 375 -8.485 0
376 DEGGGDGEGG -8.46500000000001 0.0272771874839815 376 -8.46500000000001 0
377 EGGGDGEGGE -8.915 0.0269932074658899 377 -8.915 0
378 GGGDGEGGEG -8.405 0.0288722784478302 382 -8.55500000000001 1
379 GGDGEGGEGE -8.91500000000001 0.0283762731571781 379 -8.91500000000001 0
380 GDGEGGEGEG -8.91500000000001 0.0261454897221456 380 -8.91500000000001 0
381 DGEGGEGEGG -8.91500000000001 0.0282637747892546 381 -8.91500000000001 0
382 GEGGEGEGGW -8.82500000000001 0.0293983751681152 382 -8.82500000000001 0
383 EGGEGEGGWF -8.845 0.0276985059593755 383 -8.845 0
384 GGEGEGGWFG -8.335 0.0261260672900275 384 -8.335 0
385 GEGEGGWFGE -8.845 0.0269983491131775 385 -8.845 0
386 EGEGGWFGEG -8.84500000000001 0.0275010833251793 386 -8.84500000000001 0
387 GEGGWFGEGG -8.335 0.0265734186565834 387 -8.335 0
388 EGGWFGEGGP -8.165 0.0253348703638639 388 -8.165 0
389 GGWFGEGGPG -7.655 0.0263825256049206 389 -7.655 0
390 GWFGEGGPGG -7.655 0.0260615367958584 390 -7.655 0
391 WFGEGGPGGG -7.655 0.0260372959705344 391 -7.655 0
392 FGEGGPGGGG -7.68500000000001 0.0259526929436008 392 -7.68500000000001 0
393 GEGGPGGGGD -7.61500000000001 0.0260581590750842 393 -7.61500000000001 0
394 EGGPGGGGDG -7.61500000000001 0.0257681434937721 495 -7.655 0
395 GGPGGGGDGG -7.10500000000001 0.0269373074782197 400 -7.44500000000001 0
396 GPGGGGDGGG -7.10500000000001 0.0278013387027369 396 -7.10500000000001 0
397 PGGGGDGGGG -7.10500000000001 0.0280189883615721 397 -7.10500000000001 0
398 GGGGDGGGGE -7.78500000000001 0.0278478658290363 398 -7.78500000000001 0
399 GGGDGGGGEG -7.78500000000001 0.0270959703114307 399 -7.78500000000001 0
400 GGDGGGGEGG -7.78500000000001 0.0247269312382453 496 -8.01500000000001 0
401 GDGGGGEGGM -7.80500000000001 0.0250829462508295 497 -8.035 0
402 DGGGGEGGMW -7.775 0.0258766771541386 402 -7.775 0
403 GGGGEGGMWD -7.775 0.0255873706122605 403 -7.775 0
404 GGGEGGMWDG -7.775 0.0268677346676434 404 -7.775 0
405 GGEGGMWDGG -7.775 0.0255570431963921 405 -7.775 0
406 GEGGMWDGGG -7.775 0.0252621321272549 406 -7.775 0
407 EGGMWDGGGG -7.775 0.025836368753706 407 -7.775 0
408 GGMWDGGGGG -7.26500000000001 0.0265441481656584 408 -7.26500000000001 0
409 GMWDGGGGGG -7.26500000000001 0.0267361501369292 409 -7.26500000000001 0
410 MWDGGGGGGG -7.26500000000001 0.0243956422300372 410 -7.26500000000001 0
411 WDGGGGGGGN -7.17500000000001 0.0212875293875821 411 -7.17500000000001 0
412 DGGGGGGGNN -7.135 0.0275482568870642 398 -7.135 1
413 GGGGGGGNNE -7.69500000000001 0.0155927376290495 413 -7.69500000000001 0
454 GWGGGWGGDH -7.285 0.0153581042331512 454 -7.285 0
455 WGGGWGGDHF -7.305 0.0186389185618515 455 -7.305 0
456 GGGWGGDHFG -7.335 0.0205955341993151 456 -7.335 0
457 GGWGGDHFGG -7.335 0.0229166607314301 457 -7.335 0
458 GWGGDHFGGD -7.395 0.025549317252374 498 -7.395 1
459 WGGDHFGGDP -7.225 0.0257386852240251 475 -7.285 1
460 GGDHFGGDPG -7.255 0.0244164471863121 474 -7.705 1
461 GDHFGGDPGR -7.735 0.024867063301227 461 -7.735 0
462 DHFGGDPGRR -8.215 0.0240459526155764 462 -8.215 0
463 HFGGDPGRRE -8.775 0.0242699940091783 463 -8.775 0
464 FGGDPGRREE -9.215 0.0269147535738044 464 -9.215 0
465 GGDPGRREEG -9.195 0.0261930713058533 465 -9.195 0
466 GDPGRREEGG -9.195 0.0264251147915838 466 -9.195 0
467 DPGRREEGGE -9.705 0.027875160557123 467 -9.705 0
468 PGRREEGGEG -9.645 0.0267607637649219 468 -9.645 0
469 GRREEGGEGG -9.815 0.0272198655802677 469 -9.815 0
470 RREEGGEGGP -9.645 0.0269514677391667 470 -9.645 0
471 REEGGEGGPR -9.645 0.027869814085171 471 -9.645 0
472 EEGGEGGPRE -9.675 0.0277844330721168 472 -9.675 0
473 EGGEGGPREG -9.165 0.0267635973400501 473 -9.165 0
474 GGEGGPREGG -8.655 0.0248586028110805 474 -8.655 0
475 GEGGPREGGP -8.485 0.0262358134815072 475 -8.485 0
476 EGGPREGGPE -8.995 0.0261873082397812 476 -8.995 0
477 GGPREGGPEG -8.485 0.0263767548155403 477 -8.485 0
478 GPREGGPEGE -8.995 0.0266380527655229 478 -8.995 0
479 PREGGPEGEG -8.995 0.027058584225556 479 -8.995 0
480 REGGPEGEGG -9.16500000000001 0.0284084254470781 480 -9.16500000000001 0
481 EGGPEGEGGR -9.165 0.0276426037822817 481 -9.165 0
482 GGPEGEGGRE -9.165 0.0277807217766014 482 -9.165 0
483 GPEGEGGREG -9.165 0.0281093325518585 483 -9.165 0
484 PEGEGGREGG -9.16500000000001 0.0274589400864861 484 -9.16500000000001 0
485 EGEGGREGGM -9.355 0.0278947585580877 485 -9.355 0
486 GEGGREGGME -9.355 0.0278265873669919 486 -9.355 0
487 EGGREGGMEG -9.355 0.0274964690326652 487 -9.355 0
488 GGREGGMEGG -8.84500000000001 0.0259019914150229 488 -8.84500000000001 0
489 GREGGMEGGE -9.355 0.0279104383336675 489 -9.355 0
490 REGGMEGGEG -9.355 0.0254079194328859 490 -9.355 0
491 EGGMEGGEGG -8.87500000000001 0.0276028453867829 491 -8.87500000000001 0
492 GGMEGGEGGG -8.36500000000001 0.0248261830899476 492 -8.36500000000001 0
493 GMEGGEGGGR -8.845 0.0259721546312433 493 -8.845 0
494 MEGGEGGGRE -9.355 0.0259303688383316 494 -9.355 0
495 EGGEGGGREG -9.335 0.026064847485867 495 -9.335 0
496 GGEGGGREGG -8.82500000000001 0.0241869330565371 496 -8.82500000000001 0
497 GEGGGREGGM -8.845 0.0254672312293235 497 -8.845 0
498 EGGGREGGMG -8.84500000000001 0.0253663105295498 498 -8.84500000000001 0
499 GGGREGGMGW -8.30500000000001 0.0240717137054415 499 -8.30500000000001 0
500 GGREGGMGWG -8.305 0.0241211863806895 500 -8.305 0
501 GREGGMGWGE -8.935 0.0244051967398622 501 -8.935 0
502 REGGMGWGEF -8.955 0.0245373305315188 502 -8.955 0
503 EGGMGWGEFR -8.955 0.0260926146838738 503 -8.955 0
504 GGMGWGEFRD -8.395 0.0243286323683451 504 -8.395 0
505 GMGWGEFRDE -8.905 0.0249757524392893 505 -8.905 0
506 MGWGEFRDEG -8.905 0.0254388250984961 506 -8.905 0
507 GWGEFRDEGK -9.515 0.0256154952221699 507 -9.515 0
508 WGEFRDEGKH -9.585 0.0287464584738101 508 -9.585 0
509 GEFRDEGKHE -10.125 0.0305517368734227 509 -10.125 0
510 EFRDEGKHEN -10.055 0.0331697011846114 510 -10.055 0
511 FRDEGKHENR -9.905 0.0333832304019553 511 -9.905 0
512 RDEGKHENRE -10.395 0.0354813369207904 512 -10.395 0
513 DEGKHENREE -10.425 0.0348830302670321 513 -10.425 0
514 EGKHENREEK -11.105 0.0335118648066439 514 -11.105 0
515 GKHENREEKE -11.105 0.0249150062963685 515 -11.105 0
516 KHENREEKEW -11.075 0.0275385828880984 516 -11.075 0
517 HENREEKEWP -10.275 0.0207779929550618 517 -10.275 0

514 EGKHENREEK -11.105 0.0335118648066439 514 -11.105 0
512 RDEGKHENRE -10.395 0.0354813369207904 512 -10.395 0