potential =  MJ_original_pot.txt
original sequence =  FUS.txt

2 FDKKKKNNNNNKGGGW -26.57 0.0333747761956994 267 -28.31 1
3 DKKKKNNNNNKGGGWQ -26.74 0.0372362681521746 266 -29.36 1
4 KKKKNNNNNKGGGWQN -26.7 0.0426911618913607 264 -28.64 1
5 KKKNNNNNKGGGWQNN -26.04 0.0265019409923712 270 -28.74 1
6 KKNNNNNKGGGWQNNN -25.22 0.0285357650984253 269 -28.75 1
7 KNNNNNKGGGWQNNNN -24.67 0.0276066064558091 269 -28.15 1
8 NNNNNKGGGWQNNNNG -24.92 0.0265366541018957 269 -27.51 1
9 NNNNKGGGWQNNNNGP -24.59 0.0439862919677413 186 -26.61 0
10 NNNKGGGWQNNNNGPG -24.58 0.0449246697894149 187 -27.2 0
11 NNKGGGWQNNNNGPGK -24.76 0.0454124689140481 189 -26.72 0
12 NKGGGWQNNNNGPGKN -25.21 0.0234945410707862 270 -26.99 0
13 KGGGWQNNNNGPGKNN -25.33 0.045305297834905 191 -26.72 0
14 GGGWQNNNNGPGKNND -25.58 0.0433694755395549 228 -27.89 0
15 GGWQNNNNGPGKNNDD -25.9 0.043094133275954 229 -27.77 0
16 GWQNNNNGPGKNNDDN -26.07 0.0321114140836551 267 -28.05 0
17 WQNNNNGPGKNNDDNP -26.15 0.0296868484521476 268 -27.16 0
18 QNNNNGPGKNNDDNPG -26.3 0.0239097436656289 270 -29.08 1
19 NNNNGPGKNNDDNPGP -26.41 0.0237479277925326 270 -28.73 1
20 NNNGPGKNNDDNPGPN -26.64 0.0239535652688857 270 -28.9 1
21 NNGPGKNNDDNPGPNN -26.92 0.0271790076491053 269 -28.6 1
22 NGPGKNNDDNPGPNNK -26.97 0.0428356144829797 466 -28.1 0
23 GPGKNNDDNPGPNNKD -27.16 0.042742349912824 466 -29.15 0
24 PGKNNDDNPGPNNKDG -26.89 0.0422959664758197 467 -28.94 0
25 GKNNDDNPGPNNKDGG -26.89 0.043387936607985 468 -29.27 0
26 KNNDDNPGPNNKDGGG -26.89 0.0440435323311804 469 -29.06 0
27 NNDDNPGPNNKDGGGK -26.89 0.0429025873200447 470 -27.7 0
28 NDDNPGPNNKDGGGKD -26.87 0.0437023640208014 471 -28.47 0
29 DDNPGPNNKDGGGKDN -26.75 0.0263038960796921 269 -28.02 0
30 DNPGPNNKDGGGKDNK -26.88 0.045281610116829 197 -27.95 1
31 NPGPNNKDGGGKDNKR -26.98 0.0427953745600805 470 -27.66 1
32 PGPNNKDGGGKDNKRK -27.36 0.042829071884079 469 -28.42 1
33 GPNNKDGGGKDNKRKG -27.57 0.041760495003528 468 -28.54 1
34 PNNKDGGGKDNKRKGG -27.63 0.0422163209646164 467 -28.31 1
35 NNKDGGGKDNKRKGGG -27.84 0.0461333133353175 188 -29.15 0
36 NKDGGGKDNKRKGGGP -27.55 0.0460189006198975 189 -28.94 0
37 KDGGGKDNKRKGGGPN -27.39 0.0454486119571839 189 -28.98 0
38 DGGGKDNKRKGGGPND -27.64 0.0452775939250308 190 -29.48 0
39 GGGKDNKRKGGGPNDD -27.64 0.0458102397299843 191 -29.48 0
40 GGKDNKRKGGGPNDDD -27.85 0.0266172686851971 269 -29.14 1
41 GKDNKRKGGGPNDDDD -28.06 0.0298584825633435 268 -29.62 1
42 KDNKRKGGGPNDDDDD -28.27 0.0333816990950358 267 -29.3 1
43 DNKRKGGGPNDDDDDG -28.2 0.0324223993145206 267 -28.68 1
44 NKRKGGGPNDDDDDGP -27.88 0.0249120743560351 270 -29.15 1
45 KRKGGGPNDDDDDGPN -27.84 0.0276146165290649 269 -28.85 1
46 RKGGGPNDDDDDGPNN -27.73 0.0460290999538662 211 -29.14 1
47 KGGGPNDDDDDGPNND -27.74 0.0465050726425966 210 -29.68 1
48 GGGPNDDDDDGPNNDN -27.67 0.0460374365235515 209 -30.21 1
49 GGPNDDDDDGPNNDND -27.71 0.0454654136087404 228 -30.45 0
50 GPNDDDDDGPNNDNDG -27.66 0.0456669276077944 468 -30.32 0
51 PNDDDDDGPNNDNDGG -27.66 0.045930298102134 469 -30.11 0
52 NDDDDDGPNNDNDGGG -27.61 0.0446094494920159 231 -30.38 0
53 DDDDDGPNNDNDGGGN -27.6 0.0449219667674476 232 -30.56 0
54 DDDDGPNNDNDGGGNN -27.5 0.0443221470893633 233 -30.44 0
55 DDDGPNNDNDGGGNNN -27.51 0.0430340375521851 234 -29.54 0
56 DDGPNNDNDGGGNNNS -27.28 0.042176902448577 235 -28.3 0
57 DGPNNDNDGGGNNNSN -27.13 0.0445667726505754 209 -28.19 1
58 GPNNDNDGGGNNNSNN -26.94 0.0441852675172813 208 -28.2 1
59 PNNDNDGGGNNNSNNP -26.94 0.0238625600529493 270 -27.97 0
60 NNDNDGGGNNNSNNPG -27.15 0.0447250488219572 206 -28.18 1
61 NDNDGGGNNNSNNPGG -26.97 0.0451483568587815 192 -28.63 1
62 DNDGGGNNNSNNPGGG -26.82 0.0447232081983622 191 -29.31 1
63 NDGGGNNNSNNPGGGG -26.58 0.0446088980928791 190 -29.75 1
64 DGGGNNNSNNPGGGGG -26.6 0.0451742257415928 189 -30.18 1
65 GGGNNNSNNPGGGGGG -26.58 0.0466351810088221 188 -30.83 1
66 GGNNNSNNPGGGGGGG -26.84 0.0465803649931492 187 -30.62 1
67 GNNNSNNPGGGGGGGG -26.63 0.0472836463744949 167 -30.57 1
68 NNNSNNPGGGGGGGGD -26.94 0.0475846094882605 166 -30.73 1
69 NNSNNPGGGGGGGGDD -27.09 0.0477100280227084 219 -30.65 0
70 NSNNPGGGGGGGGDDD -27.19 0.0476775326135147 220 -31.74 0
71 SNNPGGGGGGGGDDDD -27.29 0.0486886406949233 220 -32.52 0
72 NNPGGGGGGGGDDDDD -27.63 0.0485316935177687 221 -32.69 0
73 NPGGGGGGGGDDDDDD -27.89 0.0497728484543725 214 -33.09 1
74 PGGGGGGGGDDDDDDD -28.19 0.0493303444601321 213 -33.63 1
75 GGGGGGGGDDDDDDDD -28.4 0.0490921026621155 212 -34.35 1
76 GGGGGGGDDDDDDDDG -28.19 0.0492250109708453 211 -33.27 1
77 GGGGGGDDDDDDDDGP -28.19 0.049348552229768 210 -32.56 1
78 GGGGGDDDDDDDDGPN -28.29 0.0482571609098568 211 -31.85 1
79 GGGGDDDDDDDDGPNN -28.44 0.0472992471526359 211 -31.52 1
80 GGGDDDDDDDDGPNND -28.36 0.0368804744625571 377 -31.1 1
81 GGDDDDDDDDGPNNDD -28.36 0.0343237273817161 376 -31.51 1
82 GDDDDDDDDGPNNDDP -27.99 0.0314212556530992 375 -31.1 1
83 DDDDDDDDGPNNDDPG -27.93 0.0437244679866562 382 -30.14 0
84 DDDDDDDGPNNDDPGG -27.61 0.0464127353347387 213 -30.02 0
85 DDDDDDGPNNDDPGGG -27.5 0.0454099203176751 232 -30.33 0
86 DDDDDGPNNDDPGGGP -27.18 0.0454730561187 233 -30.02 0
87 DDDDGPNNDDPGGGPN -27.15 0.0444581936848548 233 -29.14 0
88 DDDGPNNDDPGGGPNN -27.01 0.0419151774766526 243 -28.76 0
89 DDGPNNDDPGGGPNNN -26.43 0.043461831718694 466 -28.93 0
90 DGPNNDDPGGGPNNNW -26.29 0.0434022893361949 467 -28.22 0
91 GPNNDDPGGGPNNNWG -25.95 0.0431185080264401 468 -28.36 0
92 PNNDDPGGGPNNNWGD -26.05 0.0437050353417693 469 -28.87 0
93 NNDDPGGGPNNNWGDD -26.42 0.0440725714797391 470 -29.6 0
94 NDDPGGGPNNNWGDDD -26.5 0.0442798152028407 471 -30.37 0
95 DDPGGGPNNNWGDDDG -26.35 0.0444872955372822 472 -30.06 0
96 DPGGGPNNNWGDDDGD -26.29 0.0440832848444308 473 -29.31 0
97 PGGGPNNNWGDDDGDG -26.08 0.0459818352143668 205 -29.51 0
98 GGGPNNNWGDDDGDGG -26.24 0.0472679141066362 206 -30.2 0
99 GGPNNNWGDDDGDGGG -26.3 0.0472798134729239 207 -30.2 0
100 GPNNNWGDDDGDGGGD -26.62 0.0463159236161602 208 -29.75 0
101 PNNNWGDDDGDGGGDD -26.92 0.0458697614207182 209 -29.3 0
102 NNNWGDDDGDGGGDDD -27.24 0.045219606207806 242 -29.92 1
103 NNWGDDDGDGGGDDDD -27.27 0.0464609755743225 241 -29.82 1
104 NWGDDDGDGGGDDDDD -27.41 0.0253065305948964 373 -29.87 0
105 WGDDDGDGGGDDDDDD -28.18 0.0282087542012024 374 -30.45 0
106 GDDDGDGGGDDDDDDD -28.21 0.0471842168229178 471 -31.99 0
107 DDDGDGGGDDDDDDDG -28.34 0.0480442144700133 472 -32.59 0
108 DDGDGGGDDDDDDDGP -28.24 0.0318426212640916 375 -31.25 0
109 DGDGGGDDDDDDDGPN -27.89 0.0344613766583771 376 -31.18 0
110 GDGGGDDDDDDDGPNN -27.7 0.0470861806193351 211 -31.06 1
111 DGGGDDDDDDDGPNNN -27.58 0.0463786040040195 210 -30.69 1
112 GGGDDDDDDDGPNNNN -27.5 0.046301444678772 210 -31.04 1
113 GGDDDDDDDGPNNNND -27.76 0.0463828893570384 469 -30.28 0
114 GDDDDDDDGPNNNNDG -27.76 0.0465711147721033 470 -30.14 0
115 DDDDDDDGPNNNNDGD -27.97 0.0468347491560539 471 -31.4 0
116 DDDDDDGPNNNNDGDK -27.78 0.0269433617423925 269 -29.95 0
117 DDDDDGPNNNNDGDKN -27.61 0.0242185274650841 270 -30.03 0
118 DDDDGPNNNNDGDKNN -27.47 0.0246616006634641 270 -29.45 1
119 DDDGPNNNNDGDKNNN -27.22 0.0277817750116919 269 -28.99 1
120 DDGPNNNNDGDKNNNP -26.74 0.0298357770060518 268 -28.28 1
121 DGPNNNNDGDKNNNPG -26.23 0.0317486424904793 267 -28.33 1
122 GPNNNNDGDKNNNPGG -26.23 0.0293111336212013 268 -28.4 0
123 PNNNNDGDKNNNPGGG -26.5 0.0452788589781975 210 -28.45 0
124 NNNNDGDKNNNPGGGN -26.79 0.0243588764388215 270 -29.23 0
125 NNNDGDKNNNPGGGNN -27.22 0.0237508126289607 270 -29.43 1
126 NNDGDKNNNPGGGNNN -27.38 0.0266397794798798 269 -29.13 1
127 NDGDKNNNPGGGNNNK -27.38 0.0455926809230205 197 -27.64 1
128 DGDKNNNPGGGNNNKG -27.2 0.0443007723076149 187 -28.02 1
129 GDKNNNPGGGNNNKGP -26.94 0.0455703637570411 194 -28.1 0
130 DKNNNPGGGNNNKGPN -27.23 0.0448037498664412 196 -28.27 0
131 KNNNPGGGNNNKGPNN -27.47 0.0455942682285574 196 -28.69 0
132 NNNPGGGNNNKGPNNN -27.74 0.0457934770081825 197 -29.03 0
133 NNPGGGNNNKGPNNNK -27.47 0.0452487633480357 198 -28.2 0
134 NPGGGNNNKGPNNNKD -27.61 0.0240860843628597 270 -28.27 0
135 PGGGNNNKGPNNNKDQ -27.61 0.0241728218642876 270 -28.21 0
136 GGGNNNKGPNNNKDQQ -27.92 0.0426526119091241 136 -27.92 0
137 GGNNNKGPNNNKDQQW -27.96 0.0435165248299668 137 -27.96 0
138 GNNNKGPNNNKDQQWN -27.77 0.0442015197546174 138 -27.77 0
139 NNNKGPNNNKDQQWNP -27.5 0.0252975547220332 270 -27.51 1
140 NNKGPNNNKDQQWNPG -27.42 0.0444962089957334 140 -27.42 0
141 NKGPNNNKDQQWNPGP -26.97 0.0445358054815792 141 -26.97 0
142 KGPNNNKDQQWNPGPN -26.92 0.0445468490811666 142 -26.92 0
143 GPNNNKDQQWNPGPNN -27.35 0.0441966878831029 143 -27.35 0
144 PNNNKDQQWNPGPNNN -27.85 0.0446996053747711 144 -27.85 0
145 NNNKDQQWNPGPNNNK -28.14 0.0453226481906872 145 -28.14 0
146 NNKDQQWNPGPNNNKK -28.14 0.0458822089574083 146 -28.14 0
147 NKDQQWNPGPNNNKKD -28.01 0.0449647115720735 147 -28.01 0
148 KDQQWNPGPNNNKKDD -28.29 0.0443384736480757 148 -28.29 0
149 DQQWNPGPNNNKKDDD -28.73 0.0437928880310945 149 -28.73 0
150 QQWNPGPNNNKKDDDD -28.67 0.0441328489930778 150 -28.67 0
151 QWNPGPNNNKKDDDDG -29.05 0.0446341542174612 151 -29.05 0
152 WNPGPNNNKKDDDDGG -29.56 0.0445536089598814 152 -29.56 0
153 NPGPNNNKKDDDDGGG -30.18 0.024282537769373 270 -30.75 1
154 PGPNNNKKDDDDGGGG -30.82 0.0447210701452647 154 -30.82 0
155 GPNNNKKDDDDGGGGG -31.48 0.0451487200279308 155 -31.48 0
156 PNNNKKDDDDGGGGGG -31.93 0.0462027296261872 156 -31.93 0
157 NNNKKDDDDGGGGGGG -32.59 0.0466037302421742 157 -32.59 0
158 NNKKDDDDGGGGGGGG -32.96 0.0473448088644851 158 -32.96 0
159 NKKDDDDGGGGGGGGG -33.12 0.0486268351872797 159 -33.12 0
160 KKDDDDGGGGGGGGGG -33.05 0.0496621762751664 160 -33.05 0
161 KDDDDGGGGGGGGGGD -32.83 0.0487433875461531 221 -33.28 1
162 DDDDGGGGGGGGGGDD -32.61 0.0498834514168931 220 -33.67 1
163 DDDGGGGGGGGGGDDP -32.29 0.0491530754369412 220 -32.89 1
164 DDGGGGGGGGGGDDPK -32.28 0.0483259236650815 164 -32.28 0
165 DGGGGGGGGGGDDPKK -32.71 0.0490674282959858 165 -32.71 0
166 GGGGGGGGGGDDPKKK -33.17 0.0488166233836897 166 -33.17 0
167 GGGGGGGGGDDPKKKD -33.04 0.0471148594667546 167 -33.04 0
168 GGGGGGGGDDPKKKDT -32.14 0.0465978494525765 168 -32.14 0
169 GGGGGGGDDPKKKDTT -31.24 0.0467622545606061 169 -31.24 0
170 GGGGGGDDPKKKDTTT -30.34 0.0466502814372231 170 -30.34 0
171 GGGGGDDPKKKDTTTD -29.94 0.0269235708198597 269 -30.34 0
172 GGGGDDPKKKDTTTDG -29.73 0.0238619995694326 270 -30.63 0
173 GGGDDPKKKDTTTDGG -29.73 0.0441805572512323 173 -29.73 0
174 GGDDPKKKDTTTDGGG -29.52 0.0445754094109194 174 -29.52 0
175 GDDPKKKDTTTDGGGG -29.31 0.0446976726747837 175 -29.31 0
176 DDPKKKDTTTDGGGGG -29.33 0.0453314442328239 228 -29.73 1
177 DPKKKDTTTDGGGGGG -29.92 0.0466940414016702 157 -29.96 0
178 PKKKDTTTDGGGGGGG -30.06 0.0481171329098389 158 -30.74 0
179 KKKDTTTDGGGGGGGG -30.27 0.0493492725811441 159 -31.52 0
180 KKDTTTDGGGGGGGGD -29.73 0.0491809262645424 160 -31.25 0
181 KDTTTDGGGGGGGGDN -29.13 0.0486844178351978 161 -30.94 0
182 DTTTDGGGGGGGGDNK -29.35 0.0475401535531115 162 -30.61 0
183 TTTDGGGGGGGGDNKK -29.97 0.048828211907812 163 -30.25 0
184 TTDGGGGGGGGDNKKK -30.93 0.0485857399506993 165 -31 0
185 TDGGGGGGGGDNKKKN -31.35 0.0480365405284396 166 -31.41 0
186 DGGGGGGGGDNKKKNG -32.04 0.0468090061409618 186 -32.04 0
187 GGGGGGGGDNKKKNGG -32.44 0.0478785656237762 187 -32.44 0
188 GGGGGGGDNKKKNGGG -32.65 0.0481589403369999 188 -32.65 0
189 GGGGGGDNKKKNGGGG -32.44 0.0473535232659824 189 -32.44 0
190 GGGGGDNKKKNGGGGG -32.44 0.0462561339069838 190 -32.44 0
191 GGGGDNKKKNGGGGGG -32.44 0.0469868670968791 191 -32.44 0
192 GGGDNKKKNGGGGGGG -32.2 0.0480824485981522 192 -32.2 0
193 GGDNKKKNGGGGGGGG -31.75 0.0481978016506856 188 -32.12 1
194 GDNKKKNGGGGGGGGP -31.54 0.0489451303764405 194 -31.54 0
195 DNKKKNGGGGGGGGPN -31.62 0.0475397585590905 195 -31.62 0
196 NKKKNGGGGGGGGPNK -32.49 0.0461947286938791 196 -32.49 0
197 KKKNGGGGGGGGPNKD -32.72 0.0450732816079425 197 -32.72 0
198 KKNGGGGGGGGPNKDD -32.29 0.0459760902493193 198 -32.29 0
199 KNGGGGGGGGPNKDDD -31.89 0.046512363174024 199 -31.89 0
200 NGGGGGGGGPNKDDDD -31.71 0.0484342591410114 221 -32.57 0
201 GGGGGGGGPNKDDDDD -32.07 0.0494156319676434 215 -32.65 1
202 GGGGGGGPNKDDDDDD -32.94 0.0450649477913395 202 -32.94 0
203 GGGGGGPNKDDDDDDD -32.82 0.0454379810176498 203 -32.82 0
204 GGGGGPNKDDDDDDDD -32.7 0.046332180645498 204 -32.7 0
205 GGGGPNKDDDDDDDDG -32.7 0.0474524948435511 205 -32.7 0
206 GGGPNKDDDDDDDDGG -32.7 0.0481300436757007 206 -32.7 0
207 GGPNKDDDDDDDDGGG -32.7 0.048054683419174 207 -32.7 0
208 GPNKDDDDDDDDGGGG -33.15 0.0473781877118943 208 -33.15 0
209 PNKDDDDDDDDGGGGG -33.6 0.0479089060199679 209 -33.6 0
210 NKDDDDDDDDGGGGGG -34.26 0.0484956191998963 210 -34.26 0
211 KDDDDDDDDGGGGGGG -34.63 0.048676197329839 211 -34.63 0
212 DDDDDDDDGGGGGGGG -34.35 0.0490921026621155 212 -34.35 0
213 DDDDDDDGGGGGGGGG -34.44 0.0497242491091125 213 -34.44 0
214 DDDDDDGGGGGGGGGG -34.59 0.0507901026274898 214 -34.59 0
215 DDDDDGGGGGGGGGGG -34.71 0.0519827819519802 215 -34.71 0
216 DDDDGGGGGGGGGGGG -34.38 0.0512274275223479 220 -34.55 1
217 DDDGGGGGGGGGGGGD -33.91 0.0512276567353498 219 -34.05 1
218 DDGGGGGGGGGGGGDD -33.44 0.050596912799413 219 -33.52 0
219 DGGGGGGGGGGGGDDD -34.05 0.0512276567353498 219 -34.05 0
220 GGGGGGGGGGGGDDDD -34.55 0.0512274275223479 220 -34.55 0
221 GGGGGGGGGGGDDDDD -34.36 0.0519827819519802 215 -34.71 1
222 GGGGGGGGGGDDDDDG -34.36 0.0487709463584074 222 -34.36 0
223 GGGGGGGGGDDDDDGG -34.12 0.0475513463852081 223 -34.12 0
224 GGGGGGGGDDDDDGGK -34.14 0.0465687907096098 224 -34.14 0
225 GGGGGGGDDDDDGGKK -34.08 0.0455631073564209 225 -34.08 0
226 GGGGGGDDDDDGGKKR -33.7 0.0445293928323387 226 -33.7 0
227 GGGGGDDDDDGGKKRD -33.42 0.0449297160496885 227 -33.42 0
228 GGGGDDDDDGGKKRDD -34.08 0.0463476543088556 228 -34.08 0
229 GGGDDDDDGGKKRDDD -33.96 0.0472132573033896 229 -33.96 0
230 GGDDDDDGGKKRDDDD -33.84 0.0465071875663358 230 -33.84 0
231 GDDDDDGGKKRDDDDG -33.84 0.0449945465654783 231 -33.84 0
232 DDDDDGGKKRDDDDGD -34.17 0.0449147494389229 232 -34.17 0
233 DDDDGGKKRDDDDGDD -34.64 0.0456023541098607 233 -34.64 0
234 DDDGGKKRDDDDGDDD -34.33 0.0455342675320679 234 -34.33 0
235 DDGGKKRDDDDGDDDD -33.72 0.0451880429303324 235 -33.72 0
236 DGGKKRDDDDGDDDDD -33.22 0.0455457243041563 236 -33.22 0
237 GGKKRDDDDGDDDDDD -33.5 0.0460249683291255 237 -33.5 0
238 GKKRDDDDGDDDDDDG -33.13 0.045721078909327 238 -33.13 0
239 KKRDDDDGDDDDDDGG -33 0.0451146160604781 239 -33 0
240 KRDDDDGDDDDDDGGG -32.4 0.0453364167186359 240 -32.4 0
241 RDDDDGDDDDDDGGGG -32.25 0.0477088916526033 211 -32.85 0
242 DDDDGDDDDDDGGGGK -32.36 0.0444730715267579 242 -32.36 0
243 DDDGDDDDDDGGGGKD -32.74 0.0437654903261301 243 -32.74 0
244 DDGDDDDDDGGGGKDD -31.93 0.0435541806382776 244 -31.93 0
245 DGDDDDDDGGGGKDDD -31.93 0.0432527560028307 245 -31.93 0
246 GDDDDDDGGGGKDDDG -31.37 0.0424824790306519 246 -31.37 0
247 DDDDDDGGGGKDDDGG -30.46 0.0475183942349446 214 -30.63 0
248 DDDDDGGGGKDDDGGE -30.3 0.0464700164691084 470 -31.08 0
249 DDDDGGGGKDDDGGEE -30.14 0.0457680953372755 471 -32.44 0
250 DDDGGGGKDDDGGEED -29.44 0.0461061498353271 472 -32.5 0
251 DDGGGGKDDDGGEEDG -28.88 0.0462184207185477 473 -31.43 0
252 DGGGGKDDDGGEEDGG -28.73 0.0455597828294453 474 -30.47 0
253 GGGGKDDDGGEEDGGD -28.57 0.0459069006283622 475 -30.44 0
254 GGGKDDDGGEEDGGDD -28.84 0.0452429008670052 476 -30.73 0
255 GGKDDDGGEEDGGDDD -29.33 0.0468629832017811 477 -31.05 0
256 GKDDDGGEEDGGDDDK -29.86 0.0309293315929076 375 -30.29 1
257 KDDDGGEEDGGDDDKN -29.59 0.0306447084158083 375 -29.61 0
258 DDDGGEEDGGDDDKND -29.99 0.0249470556626735 373 -30.64 1
259 DDGGEEDGGDDDKNDD -30.38 0.0460185242457773 476 -30.53 1
260 DGGEEDGGDDDKNDDD -30.74 0.0438404520570221 260 -30.74 0
261 GGEEDGGDDDKNDDDH -30.7 0.0441981220972111 261 -30.7 0
262 GEEDGGDDDKNDDDHK -32.16 0.0450316302960342 262 -32.16 0
263 EEDGGDDDKNDDDHKK -33.3 0.0472289122421845 263 -33.3 0
264 EDGGDDDKNDDDHKKK -34.58 0.0443088431155197 264 -34.58 0
265 DGGDDDKNDDDHKKKK -35.14 0.0411961904851809 265 -35.14 0
266 GGDDDKNDDDHKKKKK -36.02 0.0386196854001588 266 -36.02 0
267 GDDDKNDDDHKKKKKK -36.76 0.037289060912525 267 -36.76 0
268 DDDKNDDDHKKKKKKK -37.09 0.0352657268425282 268 -37.09 0
269 DDKNDDDHKKKKKKKK -37.65 0.0332728716999079 269 -37.65 0
270 DKNDDDHKKKKKKKKD -37.89 0.029705698597573 270 -37.89 0
373 DHKEDDGGGDDDDDDD -32.96 0.0248328721139582 373 -32.96 0
374 HKEDDGGGDDDDDDDD -33.26 0.0285030240228647 374 -33.26 0
375 KEDDGGGDDDDDDDDG -33.92 0.0319202289616926 375 -33.92 0
376 EDDGGGDDDDDDDDGW -33.82 0.0355088329785568 376 -33.82 0
377 DDGGGDDDDDDDDGWW -33.71 0.0386519451805443 377 -33.71 0
378 DGGGDDDDDDDDGWWE -32.68 0.0406480608899131 378 -32.68 0
379 GGGDDDDDDDDGWWED -32.68 0.0443196462810264 379 -32.68 0
380 GGDDDDDDDDGWWEDD -32.56 0.0475070478510155 380 -32.56 0
381 GDDDDDDDDGWWEDDG -32.34 0.0468791043295022 381 -32.34 0
382 DDDDDDDDGWWEDDGG -32.12 0.0458267714713189 382 -32.12 0
383 DDDDDDDGWWEDDGGG -31.43 0.0452621704779385 383 -31.43 0
384 DDDDDDGWWEDDGGGG -31.55 0.0450386350046585 384 -31.55 0
385 DDDDDGWWEDDGGGGG -31.67 0.045052216142208 385 -31.67 0
386 DDDDGWWEDDGGGGGG -31.58 0.045317674355188 386 -31.58 0
387 DDDGWWEDDGGGGGGG -31.49 0.0455092838288696 387 -31.49 0
388 DDGWWEDDGGGGGGGG -30.62 0.048346722720838 212 -31.51 0
389 DGWWEDDGGGGGGGGG -30.74 0.0490943372934119 213 -31.6 0
390 GWWEDDGGGGGGGGGG -30.86 0.0498842568211236 214 -31.75 0
391 WWEDDGGGGGGGGGGD -31.01 0.0505932916004859 215 -31.29 0
392 WEDDGGGGGGGGGGDD -31.4 0.0491312800994785 221 -31.86 1
393 EDDGGGGGGGGGGDDD -31.79 0.0496389042815878 219 -32.98 1
394 DDGGGGGGGGGGDDDG -31.9 0.0488063147673374 221 -33.37 0
395 DGGGGGGGGGGDDDGW -31.28 0.0484810186255649 222 -32.48 0
396 GGGGGGGGGGDDDGWW -30.44 0.0499757685532496 214 -32.01 1
397 GGGGGGGGGDDDGWWG -30.41 0.0491067296121448 213 -31.27 1
398 GGGGGGGGDDDGWWGG -30.65 0.0473389797489726 398 -30.65 0
399 GGGGGGGDDDGWWGGG -31.1 0.047555489237009 399 -31.1 0
400 GGGGGGDDDGWWGGGG -31.1 0.0448022709820657 400 -31.1 0
401 GGGGGDDDGWWGGGGG -31.1 0.0413506866161099 401 -31.1 0
402 GGGGDDDGWWGGGGGG -31.31 0.03799635095488 402 -31.31 0
403 GGGDDDGWWGGGGGGG -31.52 0.0472099859135434 223 -31.84 1
404 GGDDDGWWGGGGGGGG -31.34 0.0479389779218345 222 -32.08 1
405 GDDDGWWGGGGGGGGN -30.97 0.048828190549375 221 -31.65 1
406 DDDGWWGGGGGGGGNE -31.02 0.0247666641295454 406 -31.02 0
455 GGGGGGGDHWGGDDKR -30.38 0.0471109018898659 211 -30.4 1
456 GGGGGGDHWGGDDKRR -31.08 0.0260682886935187 456 -31.08 0
457 GGGGGDHWGGDDKRRD -31.98 0.0292113179722634 457 -31.98 0
458 GGGGDHWGGDDKRRDD -32.64 0.0319955686888435 458 -32.64 0
459 GGGDHWGGDDKRRDDD -32.79 0.0356383452061467 459 -32.79 0
460 GGDHWGGDDKRRDDDD -32.94 0.0392784302279738 460 -32.94 0
461 GDHWGGDDKRRDDDDD -33.09 0.0421553477405204 461 -33.09 0
462 DHWGGDDKRRDDDDDD -33.18 0.0440380187732452 462 -33.18 0
463 HWGGDDKRRDDDDDDG -33.02 0.0455369443840186 463 -33.02 0
464 WGGDDKRRDDDDDDGK -33.45 0.046922468363786 464 -33.45 0
465 GGDDKRRDDDDDDGKD -33.98 0.0472050030171704 465 -33.98 0
466 GDDKRRDDDDDDGKDD -34.41 0.0474284198450403 466 -34.41 0
467 DDKRRDDDDDDGKDDD -34.52 0.0463117846921068 467 -34.52 0
468 DKRRDDDDDDGKDDDG -34.66 0.0471656806424877 468 -34.66 0
469 KRRDDDDDDGKDDDGD -35.08 0.0484447217917244 469 -35.08 0
470 RRDDDDDDGKDDDGDD -35.06 0.0494450962971001 470 -35.06 0
471 RDDDDDDGKDDDGDDD -35.2 0.0483792724749193 471 -35.2 0
472 DDDDDDGKDDDGDDDD -34.65 0.0486866400487663 472 -34.65 0
473 DDDDDGKDDDGDDDDD -33.9 0.0487363254106831 473 -33.9 0
474 DDDDGKDDDGDDDDDG -32.94 0.0485769799739463 474 -32.94 0
475 DDDGKDDDGDDDDDGD -32.91 0.0488160146719502 475 -32.91 0
476 DDGKDDDGDDDDDGDD -32.88 0.0481746267610102 476 -32.88 0
477 DGKDDDGDDDDDGDDD -32.88 0.0482404923291354 477 -32.88 0
478 GKDDDGDDDDDGDDDG -32.32 0.0475475831302335 478 -32.32 0
479 KDDDGDDDDDGDDDGD -31.97 0.0482182800699843 479 -31.97 0
480 DDDGDDDDDGDDDGDD -31.32 0.0490380403137089 472 -32.28 1
481 DDGDDDDDGDDDGDDD -31.4 0.0487911498903841 471 -32.22 1
482 DGDDDDDGDDDGDDDD -31.43 0.0493947248754391 472 -32.01 0
483 GDDDDDGDDDGDDDDD -31.43 0.0491464396339009 473 -31.93 1
484 DDDDDGDDDGDDDDDD -31.76 0.0497378002450711 472 -33 1
485 DDDDGDDDGDDDDDDG -31.93 0.0320887419314356 375 -32.1 0
486 DDDGDDDGDDDDDDGG -31.8 0.0350769532078798 376 -32.5 0
487 DDGDDDGDDDDDDGGD -30.99 0.0374359311341832 377 -31.13 0
488 DGDDDGDDDDDDGGDD -30.96 0.0488367044850881 473 -31.61 1
489 GDDDGDDDDDDGGDDD -30.96 0.0488600988629448 472 -32.36 1
490 DDDGDDDDDDGGDDDG -30.58 0.0488654315668534 472 -32.36 0
491 DDGDDDDDDGGDDDGG -30.05 0.0478869065644549 473 -31.29 0
492 DGDDDDDDGGDDDGGW -29.46 0.0382421214587936 377 -30.89 0
493 GDDDDDDGGDDDGGWG -29.31 0.0475044891312834 213 -30.29 0
494 DDDDDDGGDDDGGWGD -29.69 0.0468916628343871 471 -31.34 0
495 DDDDDGGDDDGGWGDE -29.82 0.0472230760885289 472 -30.79 0
496 DDDDGGDDDGGWGDEE -30.1 0.0474177196633979 472 -31.39 1
497 DDDGGDDDGGWGDEEH -29.63 0.0469795444060987 471 -31.26 1
498 DDGGDDDGGWGDEEHD -29.85 0.0422906750179647 498 -29.85 0
499 DGGDDDGGWGDEEHDD -30.1 0.041763502233399 499 -30.1 0
500 GGDDDGGWGDEEHDDD -29.93 0.0423054531340966 500 -29.93 0
501 GDDDGGWGDEEHDDDR -29.63 0.042396333977218 501 -29.63 0
502 DDDGGWGDEEHDDDRD -30 0.0435585038801064 502 -30 0
503 DDGGWGDEEHDDDRDD -30.45 0.0440293985187561 503 -30.45 0
504 DGGWGDEEHDDDRDDD -30.51 0.0311177592478647 508 -30.53 0
505 GGWGDEEHDDDRDDDD -30.54 0.028921083564047 509 -31.14 0
506 GWGDEEHDDDRDDDDD -31.85 0.0366718738905063 506 -31.85 0
507 WGDEEHDDDRDDDDDE -33.02 0.0345443802854171 507 -33.02 0
508 GDEEHDDDRDDDDDEE -34.25 0.0317269014005515 508 -34.25 0
509 DEEHDDDRDDDDDEER -34.14 0.0291454494277286 509 -34.14 0
510 EEHDDDRDDDDDEERE -34.2 0.0270598003150316 510 -34.2 0

270 DKNDDDHKKKKKKKKD -37.89 0.029705698597573 270 -37.89 0
215 DDDDDGGGGGGGGGGG -34.71 0.0519827819519802 215 -34.71 0