potential =  KK_new_pot.txt
p53-c-terminal =  FUS.txt
analized peptide =  FUS_KKOT16_268.txt
2 8.15631799999999 1
3 8.66015799999999 1
4 7.186038 1
5 13.488328 1
6 20.116148 1
7 24.871378 0
8 29.870498 0
9 29.040778 1
10 25.063808 1
11 21.510548 1
12 15.463398 1
13 16.267198 1
14 18.748188 1
15 25.287528 0
16 26.688238 0
17 24.405988 0
18 24.780818 0
19 24.292918 0
20 22.950658 1
21 21.402018 0
22 19.904688 0
23 16.546528 0
24 16.877538 0
25 16.705328 0
26 16.534418 0
27 16.276758 0
28 15.689008 0
29 11.719558 0
30 10.290258 0
31 8.54678799999999 0
32 9.74332799999999 0
33 10.818928 1
34 7.70156799999999 0
35 7.44993799999999 0
36 6.17883799999999 0
37 7.71869799999999 0
38 10.227718 1
39 7.44016799999999 1
40 9.73685799999999 1
41 12.066238 1
42 8.57605799999999 1
43 9.45709799999999 1
44 7.03339799999999 1
45 7.49619799999999 1
46 12.827418 0
47 14.975618 1
48 21.526968 1
49 17.284788 1
50 18.201858 1
51 18.112188 1
52 17.984228 1
53 12.741518 1
54 13.485848 1
55 16.106078 1
56 25.162408 1
57 28.498868 1
58 30.311558 1
59 29.355108 1
60 29.224398 1
61 28.049918 0
62 24.573138 0
63 27.235918 0
64 28.581258 1
65 31.974418 0
66 27.806748 0
67 26.952568 0
68 29.342238 0
69 26.993808 1
70 26.634118 1
71 27.092048 0
72 26.344538 0
73 27.046998 0
74 25.748838 1
75 25.388798 1
76 27.756088 1
77 23.308378 0
78 23.923248 0
79 22.418858 0
80 21.916838 1
81 22.135138 0
82 17.876948 0
83 18.387888 0
84 18.695778 0
85 19.588318 0
86 16.904498 0
87 13.551678 0
88 15.403728 0
89 19.754918 1
90 22.516958 1
91 22.697848 1
92 23.265028 1
93 20.485198 1
94 16.079598 1
95 16.714368 1
96 18.958418 1
97 22.875088 1
98 27.200168 1
99 29.025178 1
100 27.681508 0
101 25.426198 0
102 24.216068 0
103 25.355548 0
104 25.013438 0
105 28.485968 0
106 26.541788 0
107 27.123978 1
108 26.115038 0
109 23.036098 1
110 22.689478 0
111 20.635648 0
112 25.840548 1
113 26.355768 0
114 27.448618 0
115 25.686808 0
116 23.352308 1
117 19.671688 1
118 19.036288 1
119 21.028358 1
120 18.666758 0
121 19.948988 0
122 20.388698 0
123 22.451408 0
124 22.311608 1
125 20.624638 1
126 23.439088 1
127 22.351038 0
128 22.524248 1
129 21.115918 1
130 16.522688 1
131 18.863338 1
132 20.664908 1
133 17.967578 0
134 16.175248 0
135 22.577348 0
136 23.063358 1
137 21.979078 1
138 23.223398 0
139 15.109938 0
140 14.716018 0
141 17.782488 0
142 17.331708 1
143 17.429958 1
144 17.030478 1
145 20.834828 0
146 17.595988 0
147 17.616158 0
148 16.989358 1
149 17.619368 1
150 21.081398 1
151 21.901158 0
152 25.021048 0
153 26.323738 1
154 23.242308 1
155 23.289198 1
156 25.249468 1
157 28.283298 1
158 28.553298 1
159 29.927268 1
160 31.275618 1
161 35.670208 1
162 40.064798 1
163 37.293548 0
164 31.094618 0
165 23.283298 0
166 15.111938 0
167 13.030128 0
168 10.197018 0
169 11.111578 0
170 12.118748 0
171 15.901398 0
172 23.252888 0
173 19.056548 1
174 13.259448 1
175 11.443628 1
176 8.831478 1
177 9.39549799999999 1
178 12.627948 1
179 15.544308 1
180 22.920568 1
181 25.480238 1
182 26.947178 0
183 20.835848 0
184 12.242248 0
185 12.619258 0
186 15.319438 0
187 19.962028 0
188 23.037828 0
189 24.590738 0
190 26.419668 1
191 19.109038 1
192 13.009868 1
193 13.512358 1
194 15.632298 1
195 14.760028 1
196 16.598578 0
197 11.111848 1
198 12.652738 0
199 13.764948 1
200 23.075478 1
201 22.236228 1
202 11.803948 1
203 2.529208 1
204 -10.135982 1
205 -1.192352 1
206 1.995148 1
207 1.707768 1
208 4.086498 1
209 7.170918 1
210 16.294118 0
211 16.536348 0
212 12.104268 0
213 28.443228 0
214 34.389898 0
215 32.558868 0
216 27.068738 0
217 21.022028 0
218 30.614828 0
219 35.035648 1
220 29.073448 1
221 38.351828 1
222 39.935188 0
223 36.550898 0
224 30.069818 0
225 22.664788 0
226 12.994088 0
227 8.518438 0
228 3.370218 0
229 14.217508 0
230 20.496798 1
231 23.075738 1
232 11.631278 1
233 -8.558032 1
234 -19.033892 1
235 -19.971972 1
236 -2.817062 1
237 0.808418000000001 1
238 9.121118 1
239 12.915078 1
240 30.642578 1
241 21.662888 0
242 5.040998 0
243 -1.263182 0
244 4.948068 0
245 4.948068 0
246 9.504158 0
247 7.497038 0
248 11.304448 0
249 7.107068 0
250 8.968968 0
251 11.268328 0
252 15.678668 0
253 18.863368 0
254 8.109228 1
255 -3.170332 1
256 2.964048 1
257 5.098498 0
258 -1.550582 0
259 3.33749800000001 1
260 -1.57543199999999 1
261 1.73413799999999 0
262 -17.517122 0
263 -29.186792 0
264 -22.699722 0
265 -16.119792 0
266 -34.268282 0
267 -57.133352 0
268 -74.347322 0
269 -55.619082 0
270 -27.361052 0
373 -5.55427199999999 1
374 -5.685342 1
375 18.855488 1
376 28.223078 0
377 26.429428 0
378 31.369738 1
379 21.953598 1
380 27.080368 0
381 16.704008 0
382 7.014298 0
383 18.939728 0
384 25.486898 0
385 25.324228 0
386 16.438728 0
387 7.189998 0
388 10.691638 0
389 28.538448 0
390 44.050358 1
391 34.746578 1
392 31.307478 1
393 26.308878 1
394 33.114488 1
395 39.789648 1
396 38.026878 1
397 31.376018 1
398 26.627358 1
399 36.524478 0
400 28.194808 0
401 22.111288 0
402 33.814088 0
403 44.725538 0
404 45.397548 1
405 40.000098 0
406 30.933668 0
455 9.953708 0
456 -0.135872000000002 0
457 -1.791382 0
458 -4.879352 1
459 -1.627432 1
460 8.671258 0
461 12.445288 0
462 -8.272522 1
463 -27.289772 1
464 -30.220832 1
465 -25.712272 1
466 -27.893342 1
467 -39.362992 1
468 -18.341972 1
469 -6.017492 0
470 -17.516872 0
471 -16.693882 0
472 -0.878021999999994 1
473 3.277008 1
474 12.611648 1
475 0.935857999999998 0
476 -8.855752 1
477 -26.882662 1
478 -23.728262 1
479 -3.159212 1
480 -10.065922 0
481 -1.391692 0
482 7.12759800000001 1
483 9.281588 1
484 11.233208 1
485 13.333198 0
486 9.954678 0
487 13.241348 1
488 2.431498 1
489 -12.701552 1
490 0.0767279999999992 0
491 3.995428 0
492 -1.565562 0
493 6.168888 0
494 12.205338 0
495 15.962948 0
496 4.682638 0
497 -9.772842 0
498 -5.201922 0
499 9.146798 1
500 -3.209922 1
501 0.531237999999998 1
502 -15.619732 0
503 -11.248182 0
504 -7.989182 0
505 -20.503942 1
506 -15.984032 1
507 -24.217142 1
508 -30.884282 1
509 -36.298832 1
510 -34.057892 1

268 -74.347322 -334.252518 -944.733482 0.353806152071998 0
