potential =  KK_new_pot.txt
original sequence =  FUS.txt

1 VAQNRRASSA -12.475395 0.0346066053875414 1 -12.475395 0
2 AQNRRASSAA -12.567465 0.0403724643768179 465 -12.892315 1
3 QNRRASSAAS -11.964985 0.0323369151602 3 -11.964985 0
4 NRRASSAASQ -11.964985 0.0349570296691946 463 -12.620185 1
5 RRASSAASQR -13.465965 0.0483958697018715 471 -13.662805 1
6 RASSAASQRA -9.166335 0.0322073999774842 511 -10.276715 1
7 ASSAASQRAA -8.385915 0.0232339138508624 500 -9.485205 1
8 SSAASQRAAR -9.785385 0.0365298824146034 171 -12.140345 0
9 SAASQRAARA -9.734425 0.0413597641655869 275 -11.903855 0
10 AASQRAARAA -9.717855 0.028098143169167 276 -12.041995 0
11 ASQRAARAAS -9.115375 0.0380371875813347 277 -13.080775 0
12 SQRAARAASA -9.080985 0.043138264475226 173 -11.741625 1
13 QRAARAASAA -9.683465 0.0498106594781936 172 -12.605255 1
14 RAARAASAAS -9.683465 0.0428827027426934 171 -12.799385 1
15 AARAASAASA -8.903045 0.0355489691755775 395 -9.797285 0
16 ARAASAASAR -9.683465 0.0321575931228311 37 -9.794035 0
17 RAASAASARQ -9.080985 0.0379328335729636 270 -9.970605 0
18 AASAASARQS -7.698085 0.0396194369307264 196 -10.301385 1
19 ASAASARQSS -7.749045 0.0445230914130691 195 -10.301385 1
20 SAASARQSSQ -7.765615 0.0432841264778445 194 -9.297075 1
21 AASARQSSQQ -7.765615 0.0468738735506702 193 -8.902175 1
22 ASARQSSQQS -7.816575 0.0417192977645043 40 -9.447645 1
23 SARQSSQQSA -7.163135 0.0314920732030244 39 -8.702095 1
24 ARQSSQQSAR -8.546035 0.0527738019626035 270 -10.398035 1
25 RQSSQQSARA -8.546035 0.0467243849720866 37 -10.219645 1
26 QSSQQSARAS -7.163135 0.0323805984171408 44 -8.492515 1
27 SSQQSARASS -7.163135 0.0444279718499063 43 -8.492515 1
28 SQQSARASSQ -7.163135 0.0427325370971505 42 -8.492515 1
29 QQSARASSQR -8.546035 0.0577814541806727 37 -10.847115 0
30 QSARASSQRQ -8.546035 0.0506259661348799 277 -12.191665 1
31 SARASSQRQA -9.148515 0.0413000320417949 276 -11.317525 0
32 ARASSQRQAR -10.531415 0.0522628131288444 38 -11.921295 1
33 RASSQRQARQ -10.582375 0.0694961877648642 37 -11.937865 1
34 ASSQRQARQS -9.199475 0.0439572967507009 276 -12.182665 0
35 SSQRQARQSQ -8.596995 0.0659339209129534 277 -13.539155 1
36 SQRQARQSQA -8.580425 0.046087899043545 276 -12.500375 1
37 QRQARQSQAR -13.482535 0.0728158714863675 37 -13.482535 0
38 RQARQSQARA -13.465965 0.0573411656292392 38 -13.465965 0
39 QARQSQARAQ -12.083065 0.0491928870673483 276 -12.145325 1
40 ARQSQARAQA -12.685545 0.0536529327747437 40 -12.685545 0
41 RQSQARAQAR -13.465965 0.0537609188633069 46 -13.486665 1
42 QSQARAQARA -12.685545 0.0552816784048829 42 -12.685545 0
43 SQARAQARAS -12.685545 0.0520322500025699 43 -12.685545 0
44 QARAQARASQ -12.685545 0.0512608226239168 44 -12.685545 0
45 ARAQARASQQ -12.685545 0.0511949834905776 45 -12.685545 0
46 RAQARASQQR -14.085015 0.0511702373713847 46 -14.085015 0
47 AQARASQQRQ -9.182905 0.0515671275767613 277 -12.791665 1
48 QARASQQRQQ -9.199475 0.0541937096597639 276 -12.346095 1
49 ARASQQRQQR -10.582375 0.0760180547889436 275 -12.056315 1
50 RASQQRQQRA -10.582375 0.0751705179325289 37 -11.600665 1
51 ASQQRQQRAS -9.199475 0.0463047866808581 276 -11.705265 0
52 SQQRQQRASQ -8.596995 0.0708615832460956 277 -13.425675 1
53 QQRQQRASQS -8.596995 0.0518596436008234 276 -12.634415 1
54 QRQQRASQSN -8.478915 0.065473270075841 275 -12.125815 1
55 RQQRASQSNA -8.462345 0.0688828845302424 274 -10.090545 1
56 QQRASQSNAA -7.681925 0.0391034508922604 173 -9.401145 1
57 QRASQSNAAR -9.064825 0.0456274501092489 270 -10.719855 1
58 RASQSNAARA -9.667305 0.0397026893894398 37 -10.442335 1
59 ASQSNAARAA -8.267835 0.0296569405289683 178 -9.241895 1
60 SQSNAARAAS -7.665355 0.0341481343625235 40 -8.648785 0
61 QSNAARAASQ -7.665355 0.0348324452071856 41 -8.390025 0
62 SNAARAASQA -7.648785 0.0326521756659372 42 -9.394335 0
63 NAARAASQAA -7.597825 0.0361788071000056 174 -9.213925 1
64 AARAASQAAS -7.715905 0.0353695581695284 173 -9.285275 1
65 ARAASQAASA -8.334955 0.0371159449059673 172 -10.030825 1
66 RAASQAASAR -9.115375 0.0282440281904702 46 -10.469475 0
67 AASQAASARA -8.334955 0.0345702013091447 396 -9.940355 1
68 ASQAASARAQ -7.732475 0.0357896218601378 196 -8.960945 1
69 SQAASARAQA -7.732475 0.0418217914391453 195 -9.706495 1
70 QAASARAQAA -8.334955 0.0406955172398615 193 -8.781625 0
71 AASARAQAAA -8.937435 0.0406879042768559 194 -9.922075 0
72 ASARAQAAAR -10.336905 0.0339685613427352 270 -11.675875 1
73 SARAQAAARA -10.990345 0.0356380100745827 73 -10.990345 0
74 ARAQAAARAQ -10.990345 0.0353464342565699 74 -10.990345 0
75 RAQAAARAQQ -10.387865 0.0406033343951403 75 -10.387865 0
76 AQAAARAQQS -9.004965 0.0369110202281388 42 -10.159395 1
77 QAAARAQQSQ -8.402485 0.0386357080091159 41 -9.155085 1
78 AAARAQQSQQ -8.402485 0.0384372155048847 40 -9.018945 1
79 AARAQQSQQS -8.419055 0.0373824970251188 178 -9.114985 0
80 ARAQQSQQSQ -7.816575 0.0371054606081394 179 -7.974535 0
81 RAQQSQQSQQ -7.214095 0.0380676758962257 180 -7.974535 0
82 AQQSQQSQQR -7.214095 0.0427233158339052 37 -8.839135 0
83 QQSQQSQQRA -7.214095 0.0463641327878463 38 -8.965635 0
84 QSQQSQQRAS -7.214095 0.036971824989632 39 -9.106315 0
85 SQQSQQRASS -7.214095 0.0488367323261992 40 -8.963245 0
86 QQSQQRASSQ -7.214095 0.0513669201297771 41 -8.704485 0
87 QSQQRASSQQ -7.214095 0.0474031425866574 41 -8.704485 1
88 SQQRASSQQR -8.596995 0.0652206524201109 270 -10.877715 1
89 QQRASSQQRA -8.546035 0.0419555001421617 268 -9.845535 0
90 QRASSQQRAA -9.148515 0.0428853568472542 504 -9.810075 1
91 RASSQQRAAR -10.531415 0.0341778759828975 91 -10.531415 0
92 ASSQQRAARA -9.750995 0.0473747197201194 275 -11.231235 0
93 SSQQRAARAS -9.148515 0.0362975925868354 276 -11.723205 0
94 SQQRAARASS -9.148515 0.0510725098301774 277 -12.934945 1
95 QQRAARASSA -9.097555 0.0340640403271201 276 -11.896165 1
96 QRAARASSAA -9.700035 0.049411735560471 172 -11.859705 1
97 RAARASSAAA -9.649075 0.042280133977604 171 -12.799385 1
98 AARASSAAAQ -8.266175 0.0391037067296785 196 -10.157955 0
99 ARASSAAAQQ -8.317135 0.0448165182612506 197 -9.920135 0
100 RASSAAAQQA -7.698085 0.0458371432842927 198 -11.060585 0
101 ASSAAAQQAQ -6.315185 0.0422298085011024 170 -7.002305 0
102 SSAAAQQAQA -6.315185 0.0406632452434805 200 -6.897095 0
103 SAAAQQAQAQ -6.315185 0.0352140534414607 201 -6.821045 0
104 AAAQQAQAQR -7.698085 0.0386537801805501 180 -10.936465 1
105 AAQQAQAQRA -8.351525 0.0326133825248943 179 -9.796015 1
106 AQQAQAQRAQ -7.749045 0.0324164073462995 173 -8.682695 0
107 QQAQAQRAQQ -7.800005 0.0385816450651467 174 -8.080215 0
108 QAQAQRAQQQ -7.800005 0.0397063219965564 175 -8.008605 0
109 AQAQRAQQQS -7.800005 0.0427176627636617 176 -8.285425 0
110 QAQRAQQQSQ -7.816575 0.0376926144315951 177 -8.585575 0
111 AQRAQQQSQQ -7.816575 0.0371956086992371 178 -8.449435 0
112 QRAQQQSQQQ -7.214095 0.0479362432279064 45 -8.492295 0
113 RAQQQSQQQR -8.596995 0.049678227029743 46 -10.077085 0
114 AQQQSQQQRA -7.816575 0.0407302698224711 179 -8.920855 1
115 QQQSQQQRAS -7.214095 0.0389206105136264 178 -8.175305 1
116 QQSQQQRASA -7.163135 0.0436543539815313 40 -8.715545 0
117 QSQQQRASAS -7.163135 0.0239630156776996 1 -8.293805 1
118 SQQQRASASQ -7.163135 0.0422608638843362 42 -8.040105 0
119 QQQRASASQA -7.765615 0.0422100495049987 195 -8.766815 0
120 QQRASASQAQ -7.765615 0.0353061373843133 196 -9.304785 0
121 QRASASQAQR -9.148515 0.0496961962095751 270 -11.246475 1
122 RASASQAQRQ -9.148515 0.0437972501638039 37 -10.637535 1
123 ASASQAQRQS -7.765615 0.0353776604500057 173 -10.243395 0
124 SASQAQRQSS -7.163135 0.0398985961775568 174 -9.379765 0
125 ASQAQRQSSA -7.112175 0.0462764466689307 175 -9.001305 0
126 SQAQRQSSAQ -7.163135 0.043781068290288 176 -8.398825 0
127 QAQRQSSAQR -8.546035 0.0586042464284384 270 -11.456095 1
128 AQRQSSAQRA -9.148515 0.0442331104870881 269 -9.544385 1
129 QRQSSAQRAA -9.148515 0.0373786759377728 268 -10.484415 1
130 RQSSAQRAAS -9.148515 0.0418375802022621 267 -10.341345 1
131 QSSAQRAASS -7.765615 0.0195905877023693 1 -8.188855 1
132 SSAQRAASSS -7.765615 0.027684601520865 253 -8.133655 1
133 SAQRAASSSQ -7.765615 0.0266378595384748 252 -8.278745 1
134 AQRAASSSQR -9.148515 0.0355174871541139 276 -12.856295 1
135 QRAASSSQRA -9.801955 0.0445506791861525 275 -12.450055 1
136 RAASSSQRAS -9.801955 0.0368915894157081 276 -12.293845 0
137 AASSSQRASS -8.419055 0.0425759718038565 195 -9.555835 1
138 ASSSQRASSS -7.816575 0.0273427525197458 1 -9.143015 1
139 SSSQRASSSQ -7.214095 0.0386764646517242 41 -7.506745 1
140 SSQRASSSQR -8.596995 0.0632238103161924 270 -11.806575 1
141 SQRASSSQRN -8.478915 0.052708690008357 269 -10.095205 1
142 QRASSSQRNA -8.427955 0.0444955175240632 268 -10.387835 1
143 RASSSQRNAA -8.376995 0.0429350007893671 267 -10.990315 1
144 ASSSQRNAAS -6.994095 0.0254829138012569 1 -10.188715 1
145 SSSQRNAASA -6.994095 0.0456784692385852 194 -9.064045 0
146 SSQRNAASAR -8.376995 0.0432928809353813 267 -10.911415 0
147 SQRNAASARA -8.979475 0.0334939457697425 268 -10.911415 0
148 QRNAASARAS -8.979475 0.0370965398146911 269 -11.103215 0
149 RNAASARASS -8.979475 0.0435069691897989 270 -12.650695 0
150 NAASARASSN -7.478495 0.0397378309836329 194 -8.829395 1
151 AASARASSNS -7.596575 0.0452267958455426 193 -8.986475 1
152 ASARASSNSR -9.030435 0.0464160599286649 270 -11.305655 1
153 SARASSNSRN -8.963315 0.0437273804177001 269 -10.132255 1
154 ARASSNSRNQ -8.963315 0.0407884281118237 268 -10.286485 1
155 RASSNSRNQQ -8.360835 0.0634196899393138 270 -10.511915 0
156 ASSNSRNQQQ -6.977935 0.0441454947209433 194 -8.865665 1
157 SSNSRNQQQA -6.977935 0.0456146036759468 42 -8.895185 0
158 SNSRNQQQAA -7.580415 0.0463949399245229 195 -9.785055 0
159 NSRNQQQAAA -8.182895 0.0395195625331343 173 -10.356765 1
160 SRNQQQAAAA -8.903455 0.0438130408735997 172 -11.173665 1
161 RNQQQAAAAA -9.505935 0.0463554980643597 171 -11.776145 1
162 NQQQAAAAAA -8.725515 0.0569267244242953 162 -8.725515 0
163 QQQAAAAAAA -9.446075 0.061135043457975 163 -9.446075 0
164 QQAAAAAAAA -10.048555 0.0657939544010933 164 -10.048555 0
165 QAAAAAAAAA -10.651035 0.0677614011739795 165 -10.651035 0
166 AAAAAAAAAA -11.253515 0.0711005956788744 166 -11.253515 0
167 AAAAAAAAAN -10.532955 0.0664135607851717 167 -10.532955 0
168 AAAAAAAANR -11.313375 0.0507695444275863 198 -13.245925 1
169 AAAAAAANRA -11.313375 0.046972033136224 197 -12.105475 1
170 AAAAAANRAS -10.710895 0.0397615335722296 196 -11.288575 1
171 AAAAANRASR -15.010525 0.0476657102296065 171 -15.010525 0
172 AAAANRASRS -14.408045 0.0508147646629039 172 -14.408045 0
173 AAANRASRSQ -13.805565 0.0453612829922732 173 -13.805565 0
174 AANRASRSQQ -13.203085 0.0493827926320867 277 -13.363095 1
175 ANRASRSQQV -12.491965 0.0599097418605162 175 -12.491965 0
176 NRASRSQQVQ -11.889485 0.0604439562517203 176 -11.889485 0
177 RASRSQQVQQ -12.007565 0.0461051101807195 177 -12.007565 0
178 ASRSQQVQQA -11.227145 0.0371740777259022 178 -11.227145 0
179 SRSQQVQQAA -11.227145 0.0400749884417755 179 -11.227145 0
180 RSQQVQQAAA -11.829625 0.0436151535783176 180 -11.829625 0
181 SQQVQQAAAQ -6.927515 0.0428892825691926 181 -6.927515 0
182 QQVQQAAAQA -7.529995 0.0455912676759513 182 -7.529995 0
183 QVQQAAAQAA -8.132475 0.0455734948036097 183 -8.132475 0
184 VQQAAAQAAA -8.734955 0.047965582380037 184 -8.734955 0
185 QQAAAQAAAR -10.226495 0.0409479620476977 189 -10.762825 0
186 QAAAQAAARA -10.828975 0.0499912629732299 186 -10.828975 0
187 AAAQAAARAN -10.710895 0.0464474721741893 187 -10.710895 0
188 AAQAAARANS -10.108415 0.0449948460365271 188 -10.108415 0
189 AQAAARANSR -14.408045 0.0449809010880697 189 -14.408045 0
190 QAAARANSRS -13.805565 0.0511292950616398 190 -13.805565 0
191 AAARANSRSQ -13.805565 0.052859389115395 191 -13.805565 0
192 AARANSRSQA -13.805565 0.0565353740330254 192 -13.805565 0
193 ARANSRSQAA -13.805565 0.0571202603522114 193 -13.805565 0
194 RANSRSQAAA -13.805565 0.0455735344378261 194 -13.805565 0
195 ANSRSQAAAA -13.025145 0.0473597841225016 195 -13.025145 0
196 NSRSQAAAAQ -12.422665 0.0405410213876844 196 -12.422665 0
197 SRSQAAAAQA -13.143225 0.0459558419700116 197 -13.143225 0
198 RSQAAAAQAA -13.745705 0.0482123570167151 198 -13.745705 0
199 SQAAAAQAAR -10.226495 0.039329151819464 171 -10.619755 0
200 QAAAAQAARA -10.828975 0.0454856409346372 200 -10.828975 0
201 AAAAQAARAS -10.828975 0.0383347505393622 201 -10.828975 0
202 AAAQAARASS -10.226495 0.0385758400415581 202 -10.226495 0
203 AAQAARASSR -14.526125 0.0293908372048135 203 -14.526125 0
204 AQAARASSRD -18.825755 0.0352204790226586 204 -18.825755 0
205 QAARASSRDA -18.825755 0.0405812680219496 205 -18.825755 0
206 AARASSRDAA -19.428235 0.0363960124501041 206 -19.428235 0
207 ARASSRDAAD -23.727865 0.040933274514459 207 -23.727865 0
208 RASSRDAADA -23.727865 0.0464060121484574 208 -23.727865 0
209 ASSRDAADAD -27.247075 0.0550023943946248 209 -27.247075 0
210 SSRDAADADA -27.247075 0.0478774793172598 210 -27.247075 0
211 SRDAADADAA -27.849555 0.0535458591605025 211 -27.849555 0
212 RDAADADAAQ -27.849555 0.0612936223314741 212 -27.849555 0
213 DAADADAAQA -23.549925 0.0568568821001706 213 -23.549925 0
214 AADADAAQAA -19.250295 0.0459822292748116 214 -19.250295 0
215 ADADAAQAAA -19.250295 0.0413427019282017 215 -19.250295 0
216 DADAAQAAAA -19.250295 0.0451683908185908 216 -19.250295 0
217 ADAAQAAAAA -14.950665 0.0459898941198398 217 -14.950665 0
218 DAAQAAAAAA -14.950665 0.0503850026165668 218 -14.950665 0
219 AAQAAAAAAA -10.651035 0.0577265584603325 219 -10.651035 0
220 AQAAAAAAAA -10.651035 0.0617937028124112 220 -10.651035 0
221 QAAAAAAAAA -10.651035 0.0677614011739795 165 -10.651035 0
222 AAAAAAAAAA -11.253515 0.0711005956788744 166 -11.253515 0
223 AAAAAAAAAR -12.033935 0.0509378947470648 198 -12.921595 1
224 AAAAAAAARN -11.313375 0.0470109600816503 197 -12.105475 1
225 AAAAAAARND -15.613005 0.0379910644795921 225 -15.613005 0
226 AAAAAARNDQ -15.010525 0.0356490278163162 226 -15.010525 0
227 AAAAARNDQQ -14.408045 0.0280884189794708 227 -14.408045 0
228 AAAARNDQQA -14.408045 0.0331781550493222 228 -14.408045 0
229 AAARNDQQAA -14.408045 0.0315664496949083 229 -14.408045 0
230 AARNDQQAAR -15.188465 0.0371927878067675 230 -15.188465 0
231 ARNDQQAARR -18.934015 0.0514316153229255 231 -18.934015 0
232 RNDQQAARRA -18.280575 0.0392042773071563 232 -18.280575 0
233 NDQQAARRAD -21.799785 0.051030363803892 233 -21.799785 0
234 DQQAARRADA -22.520345 0.0471658119756422 234 -22.520345 0
235 QQAARRADAD -22.520345 0.0499131882133536 235 -22.520345 0
236 QAARRADADA -23.122825 0.0451998098051535 236 -23.122825 0
237 AARRADADAA -23.725305 0.0499045724450544 237 -23.725305 0
238 ARRADADAAA -23.725305 0.0430681848236915 238 -23.725305 0
239 RRADADAAAD -28.024935 0.0561667382490549 239 -28.024935 0
240 RADADAAADA -27.244515 0.0608431494221727 240 -27.244515 0
241 ADADAAADAA -23.498965 0.0569887393784833 241 -23.498965 0
242 DADAAADAAD -28.452035 0.0661843023394576 242 -28.452035 0
243 ADAAADAADA -24.152405 0.063360574962624 243 -24.152405 0
244 DAAADAADAA -24.152405 0.0589900667541156 244 -24.152405 0
245 AAADAADAAV -19.141655 0.0435773603124112 245 -19.141655 0
246 AADAADAAVA -19.141655 0.0504403210693517 246 -19.141655 0
247 ADAADAAVAA -19.141655 0.0512287974467331 247 -19.141655 0
248 DAADAAVAAQ -18.539175 0.0435701635058392 248 -18.539175 0
249 AADAAVAAQR -18.539175 0.0360252210347675 249 -18.539175 0
250 ADAAVAAQRD -22.838805 0.0419701234936455 250 -22.838805 0
251 DAAVAAQRDA -22.838805 0.0438960079131412 251 -22.838805 0
252 AAVAAQRDAA -18.539175 0.033758787841801 252 -18.539175 0
253 AVAAQRDAAR -18.470215 0.0381814325146691 253 -18.470215 0
254 VAAQRDAARN -17.749655 0.0440200983509676 254 -17.749655 0
255 AAQRDAARND -19.569255 0.0478692508618126 255 -19.569255 0
256 AQRDAARNDR -19.500295 0.0526562848689669 256 -19.500295 0
257 QRDAARNDRA -19.500295 0.0439768285685543 257 -19.500295 0
258 RDAARNDRAA -20.102775 0.0606419746445408 258 -20.102775 0
259 DAARNDRAAA -15.149705 0.0537678497206926 209 -15.266095 1
260 AARNDRAAAD -15.149705 0.0511631738331952 498 -19.109375 1
261 ARNDRAAADR -19.449335 0.0620287529734449 261 -19.449335 0
262 RNDRAAADRS -18.846855 0.0399471517742623 262 -18.846855 0
263 NDRAAADRSA -18.915815 0.0512980560538765 263 -18.915815 0
264 DRAAADRSAQ -19.033895 0.0524286794747843 264 -19.033895 0
265 RAAADRSAQD -22.225045 0.0594912776024708 265 -22.225045 0
266 AAADRSAQDH -21.642155 0.0440716854424218 266 -21.642155 0
267 AADRSAQDHR -25.941785 0.0561336286084198 267 -25.941785 0
268 ADRSAQDHRQ -25.339305 0.069740038299527 268 -25.339305 0
269 DRSAQDHRQR -29.738295 0.113630887705176 269 -29.738295 0
270 RSAQDHRQRS -24.836185 0.112157817396745 270 -24.836185 0
271 SAQDHRQRSR -24.836185 0.122782617953929 271 -24.836185 0
272 AQDHRQRSRN -24.718105 0.140394306025904 272 -24.718105 0
273 QDHRQRSRNQ -24.115625 0.166961548926578 273 -24.115625 0
274 DHRQRSRNQR -29.017735 0.199133439424434 274 -29.017735 0
275 HRQRSRNQRN -23.997545 0.218607623457255 275 -23.997545 0
276 RQRSRNQRNN -23.928835 0.140454722985067 276 -23.928835 0
277 QRSRNQRNNA -19.010155 0.0923589408586238 277 -19.010155 0
372 DARRNDAAAN -22.642325 0.0283501762635435 372 -22.642325 0
373 ARRNDAAANA -18.342695 0.0239657996148425 373 -18.342695 0
374 RRNDAAANAD -22.642325 0.0435654919521675 374 -22.642325 0
375 RNDAAANADA -18.342695 0.0443952070163528 240 -18.689675 0
376 NDAAANADAA -18.411655 0.0400702004419843 376 -18.411655 0
377 DAAANADAAD -23.431845 0.0423477126448703 377 -23.431845 0
378 AAANADAADA -19.132215 0.0492522960256985 378 -19.132215 0
379 AANADAADAD -23.431845 0.0584185202528706 379 -23.431845 0
380 ANADAADADA -23.431845 0.0565731945805543 380 -23.431845 0
381 NADAADADAA -23.431845 0.0597895415805874 381 -23.431845 0
382 ADAADADAAA -23.498965 0.0647610110812299 382 -23.498965 0
383 DAADADAAAV -22.787845 0.054999457279143 383 -22.787845 0
384 AADADAAAVA -18.488215 0.0456065043269748 384 -18.488215 0
385 ADADAAAVAD -22.787845 0.0479369744581343 385 -22.787845 0
386 DADAAAVADA -22.787845 0.0518240986579586 386 -22.787845 0
387 ADAAAVADAA -18.488215 0.0400977763540907 387 -18.488215 0
388 DAAAVADAAR -19.268635 0.0354612123744683 374 -20.420865 1
389 AAAVADAARA -14.969005 0.0174568675169151 373 -16.121235 1
390 AAVADAARAA -14.969005 0.027441745855651 390 -14.969005 0
391 AVADAARAAA -14.969005 0.0341320180092976 391 -14.969005 0
392 VADAARAAAA -15.622445 0.0311599132657178 392 -15.622445 0
393 ADAARAAAAQ -15.731085 0.0360659285792129 393 -15.731085 0
394 DAARAAAAQA -15.731085 0.0417227708035616 394 -15.731085 0
395 AARAAAAQAA -11.431455 0.0350863109017406 395 -11.431455 0
396 ARAAAAQAAA -11.431455 0.0396587293097759 396 -11.431455 0
397 RAAAAQAAAA -11.431455 0.0490714279702335 198 -11.781145 0
398 AAAAQAAAAD -14.950665 0.0490857436510176 398 -14.950665 0
399 AAAQAAAADA -14.950665 0.0435417607690624 399 -14.950665 0
400 AAQAAAADAA -14.950665 0.0414689821937371 400 -14.950665 0
401 AQAAAADAAR -14.881705 0.0413338977473302 401 -14.881705 0
402 QAAAADAARA -14.228265 0.01890182186858 373 -15.618055 1
403 AAAADAARAQ -14.228265 0.0180590195508181 372 -14.608545 1
404 AAADAARAQA -14.228265 0.0376681832374421 404 -14.228265 0
405 AADAARAQAA -14.228265 0.031321520534944 405 -14.228265 0
406 ADAARAQAAA -14.228265 0.0359934744002573 393 -14.447565 0
407 DAARAQAAAA -14.228265 0.0426617592699887 394 -14.447565 0
408 AARAQAAAAA -9.928635 0.0396520932096435 196 -11.021585 0
409 ARAQAAAAAA -9.928635 0.0444535178098708 197 -11.924215 0
410 RAQAAAAAAA -9.928635 0.0503504532555773 198 -13.064665 0
411 AQAAAAAAAS -9.395115 0.0608933074346326 220 -9.905485 0
412 QAAAAAAASS -9.446075 0.040274942315678 412 -9.446075 0
413 AAAAAAASSD -14.348185 0.0328572167175215 413 -14.348185 0
454 AAAAAAAAQH -8.692305 0.0654762207286954 164 -9.610265 1
455 AAAAAAAQHV -7.981185 0.0550769046431883 169 -8.927775 0
456 AAAAAAQHVA -8.634625 0.0344890955988127 456 -8.634625 0
457 AAAAAQHVAA -8.634625 0.0390815477511032 457 -8.634625 0
458 AAAAQHVAAN -7.914065 0.0385130621208676 458 -7.914065 0
459 AAAQHVAANR -8.694485 0.0360766545258826 180 -10.891555 1
460 AAQHVAANRA -9.347925 0.0321160739519665 179 -9.751105 1
461 AQHVAANRAR -13.647555 0.0357687370246862 461 -13.647555 0
462 QHVAANRARR -17.947185 0.0450862557078476 462 -17.947185 0
463 HVAANRARRD -22.849295 0.0652585276946828 463 -22.849295 0
464 VAANRARRDD -27.800775 0.0798651047915996 464 -27.800775 0
465 AANRARRDDA -28.511895 0.0817236842917744 465 -28.511895 0
466 ANRARRDDAA -28.511895 0.0865774879710419 466 -28.511895 0
467 NRARRDDAAD -32.811525 0.0813828055859269 467 -32.811525 0
468 RARRDDAADA -33.532085 0.0851294736758355 468 -33.532085 0
469 ARRDDAADAA -32.751665 0.0602755808422472 469 -32.751665 0
470 RRDDAADAAR -33.532085 0.0808752478099857 470 -33.532085 0
471 RDDAADAARR -33.532085 0.0875728111458796 471 -33.532085 0
472 DDAADAARRD -33.532085 0.0722862133035564 472 -33.532085 0
473 DAADAARRDA -29.232455 0.0500587765028743 473 -29.232455 0
474 AADAARRDAA -24.932825 0.0421949401291799 474 -24.932825 0
475 ADAARRDAAR -25.713245 0.0554482736598346 475 -25.713245 0
476 DAARRDAARD -30.012875 0.0619482008963851 476 -30.012875 0
477 AARRDAARDA -25.713245 0.0602078520315046 477 -25.713245 0
478 ARRDAARDAD -30.012875 0.0711910153024808 478 -30.012875 0
479 RRDAARDADA -30.012875 0.0702253923405495 479 -30.012875 0
480 RDAARDADAA -29.232455 0.0769835806870682 480 -29.232455 0
481 DAARDADAAR -29.232455 0.0826967527259724 481 -29.232455 0
482 AARDADAARD -29.232455 0.0795800771546262 482 -29.232455 0
483 ARDADAARDA -29.232455 0.0850495288837955 483 -29.232455 0
484 RDADAARDAA -29.232455 0.0838189904403064 484 -29.232455 0
485 DADAARDAAR -28.383075 0.0804786060488709 485 -28.383075 0
486 ADAARDAARD -28.383075 0.0807982133206934 486 -28.383075 0
487 DAARDAARDA -28.383075 0.0833904134214547 487 -28.383075 0
488 AARDAARDAA -24.083445 0.0688545406836101 488 -24.083445 0
489 ARDAARDAAD -28.383075 0.0770478153341104 489 -28.383075 0
490 RDAARDAADA -28.383075 0.0668608658122644 490 -28.383075 0
491 DAARDAADAA -24.083445 0.0651517869247896 491 -24.083445 0
492 AARDAADAAA -19.783815 0.0520053620026185 492 -19.783815 0
493 ARDAADAAAR -24.083445 0.0603230280877401 493 -24.083445 0
494 RDAADAAARD -28.383075 0.0647684723308382 494 -28.383075 0
495 DAADAAARDA -28.452035 0.0570915901463573 495 -28.452035 0
496 AADAAARDAA -24.152405 0.0431073361789303 496 -24.152405 0
497 ADAAARDAAR -24.083445 0.0480501435935881 497 -24.083445 0
498 DAAARDAARA -24.083445 0.0521662168911143 498 -24.083445 0
499 AAARDAARAA -19.130375 0.04061270841348 499 -19.130375 0
500 AARDAARAAA -19.130375 0.0418950271499278 500 -19.130375 0
501 ARDAARAAAD -20.238855 0.0567778471052662 489 -21.232055 0
502 RDAARAAADV -19.527735 0.0512630967523292 490 -20.594785 0
503 DAARAAADVR -19.527735 0.0582398330517708 503 -19.527735 0
504 AARAAADVRQ -14.625625 0.0419269343244189 268 -16.797515 0
505 ARAAADVRQD -18.925255 0.0558711441607864 505 -18.925255 0
506 RAAADVRQDA -18.925255 0.0643306791913214 506 -18.925255 0
507 AAADVRQDAR -22.739765 0.066639447503334 507 -22.739765 0
508 AADVRQDARH -22.087915 0.100440903369123 508 -22.087915 0
509 ADVRQDARHD -27.040985 0.126138055872129 513 -27.148115 0
510 DVRQDARHDS -26.438505 0.107341692060001 514 -26.947595 0
511 VRQDARHDSR -29.629655 0.153862876748013 511 -29.629655 0
512 RQDARHDSRD -34.640405 0.153050839450066 512 -34.640405 0
513 QDARHDSRDD -34.640405 0.146324688957171 513 -34.640405 0
514 DARHDSRDDR -38.988435 0.153087490367655 514 -38.988435 0
515 ARHDSRDDRD -38.988435 0.12588588894712 515 -38.988435 0
516 RHDSRDDRDA -38.334995 0.127090318852198 516 -38.334995 0
517 HDSRDDRDAR -35.369865 0.107683637175896 517 -35.369865 0

514 DARHDSRDDR -38.988435 0.153087490367655 514 -38.988435 0
275 HRQRSRNQRN -23.997545 0.218607623457255 275 -23.997545 0