potential =  MJ_original_pot.txt
original sequence =  FUS.txt

1 FIDDRPSNNISNDPGI -10.48 0.0432890138309122 1 -10.48 0
2 IDDRPSNNISNDPGIP -10.29 0.0414764731443425 2 -10.29 0
3 DDRPSNNISNDPGIPW -10.53 0.0411796747334838 3 -10.53 0
4 DRPSNNISNDPGIPWS -10.41 0.0398750834740936 4 -10.41 0
5 RPSNNISNDPGIPWSN -10.28 0.0403678999767002 5 -10.28 0
6 PSNNISNDPGIPWSNW -9.77 0.040571093449817 6 -9.77 0
7 SNNISNDPGIPWSNWG -9.94 0.0393133094998548 7 -9.94 0
8 NNISNDPGIPWSNWGN -10.04 0.0403657886616735 8 -10.04 0
9 NISNDPGIPWSNWGNG -10.11 0.0403112834290386 9 -10.11 0
10 ISNDPGIPWSNWGNGP -10.01 0.0395777832411061 10 -10.01 0
11 SNDPGIPWSNWGNGPD -10.23 0.0399313738428763 11 -10.23 0
12 NDPGIPWSNWGNGPDN -10.33 0.0397899600601212 12 -10.33 0
13 DPGIPWSNWGNGPDNN -10.33 0.0400659725338838 13 -10.33 0
14 PGIPWSNWGNGPDNND -10.33 0.0401407109487906 14 -10.33 0
15 GIPWSNWGNGPDNNDD -10.45 0.039205047457391 15 -10.45 0
16 IPWSNWGNGPDNNDDN -10.38 0.0394068732062697 16 -10.38 0
17 PWSNWGNGPDNNDDNW -10.62 0.039926113331225 17 -10.62 0
18 WSNWGNGPDNNDDNWP -10.62 0.0396028578715395 18 -10.62 0
19 SNWGNGPDNNDDNWPG -10.65 0.0396417513600504 19 -10.65 0
20 NWGNGPDNNDDNWPGN -10.75 0.0400991899718799 20 -10.75 0
21 WGNGPDNNDDNWPGNN -10.75 0.0402010746136376 21 -10.75 0
22 GNGPDNNDDNWPGNND -10.73 0.0409245493527617 244 -10.8 0
23 NGPDNNDDNWPGNNDP -10.56 0.0412032841342089 245 -10.97 0
24 GPDNNDDNWPGNNDPD -10.58 0.0405440691243146 246 -10.9 0
25 PDNNDDNWPGNNDPDG -10.58 0.040381509376222 25 -10.58 0
26 DNNDDNWPGNNDPDGP -10.58 0.0404706739378978 26 -10.58 0
27 NNDDNWPGNNDPDGPD -10.58 0.0402946652417344 27 -10.58 0
28 NDDNWPGNNDPDGPDN -10.58 0.0401705169770881 28 -10.58 0
29 DDNWPGNNDPDGPDND -10.6 0.0398768236455333 29 -10.6 0
30 DNWPGNNDPDGPDNDS -10.48 0.0398662162389284 30 -10.48 0
31 NWPGNNDPDGPDNDSR -11.01 0.0406744301373142 31 -11.01 0
32 WPGNNDPDGPDNDSRS -10.91 0.0403536652517268 32 -10.91 0
33 PGNNDPDGPDNDSRSD -10.89 0.0373456883995526 377 -10.92 1
34 GNNDPDGPDNDSRSDG -11.06 0.0345445896000293 376 -11.11 1
35 NNDPDGPDNDSRSDGP -10.89 0.0321758383102158 375 -10.92 1
36 NDPDGPDNDSRSDGPG -10.96 0.0410292188951762 36 -10.96 0
37 DPDGPDNDSRSDGPGN -10.96 0.0410709617743459 37 -10.96 0
38 PDGPDNDSRSDGPGND -10.96 0.0411848598268508 38 -10.96 0
39 DGPDNDSRSDGPGNDD -11.08 0.0413755886001599 39 -11.08 0
40 GPDNDSRSDGPGNDDP -10.96 0.041913342056913 40 -10.96 0
41 PDNDSRSDGPGNDDPD -10.91 0.0465378319904258 473 -11.23 1
42 DNDSRSDGPGNDDPDD -11.03 0.0469604883257967 472 -11.98 1
43 NDSRSDGPGNDDPDDP -10.91 0.0439129774342183 471 -11.04 1
44 DSRSDGPGNDDPDDPG -10.98 0.0414601708429 44 -10.98 0
45 SRSDGPGNDDPDDPGN -10.96 0.0418364811967476 45 -10.96 0
46 RSDGPGNDDPDDPGND -11.08 0.0413314564875383 46 -11.08 0
47 SDGPGNDDPDDPGNDN -10.53 0.0436311664422469 467 -10.8 1
48 DGPGNDDPDDPGNDND -10.76 0.0428163902107854 242 -10.91 1
49 GPGNDDPDDPGNDNDS -10.64 0.0413088998340664 49 -10.64 0
50 PGNDDPDDPGNDNDSG -10.64 0.0413332412404906 50 -10.64 0
51 GNDDPDDPGNDNDSGP -10.64 0.041588892919566 51 -10.64 0
52 NDDPDDPGNDNDSGPG -10.64 0.0436541737649063 238 -10.66 1
53 DDPDDPGNDNDSGPGS -10.54 0.0443103861601059 237 -10.68 1
54 DPDDPGNDNDSGPGSN -10.52 0.0434531089881326 236 -10.8 1
55 PDDPGNDNDSGPGSND -10.52 0.0449482646660359 472 -10.78 1
56 DDPGNDNDSGPGSNDS -10.52 0.043602896303749 471 -11.09 1
57 DPGNDNDSGPGSNDSW -10.54 0.0441972288205375 470 -10.72 1
58 PGNDNDSGPGSNDSWN -10.52 0.0409588452616204 58 -10.52 0
59 GNDNDSGPGSNDSWNG -10.69 0.0408267075423066 59 -10.69 0
60 NDNDSGPGSNDSWNGP -10.52 0.0410468806273401 60 -10.52 0
61 DNDSGPGSNDSWNGPG -10.59 0.0407398743596785 61 -10.59 0
62 NDSGPGSNDSWNGPGD -10.59 0.0409147331232694 62 -10.59 0
63 DSGPGSNDSWNGPGDS -10.49 0.0404659188955996 63 -10.49 0
64 SGPGSNDSWNGPGDSG -10.43 0.0412452004458941 64 -10.43 0
65 GPGSNDSWNGPGDSGG -10.6 0.0408667098104072 65 -10.6 0
66 PGSNDSWNGPGDSGGP -10.43 0.0412629891587103 66 -10.43 0
67 GSNDSWNGPGDSGGPG -10.6 0.041054490877347 67 -10.6 0
68 SNDSWNGPGDSGGPGD -10.55 0.0414830398122186 68 -10.55 0
69 NDSWNGPGDSGGPGDD -10.67 0.0413629365198316 69 -10.67 0
70 DSWNGPGDSGGPGDDN -10.67 0.0411767881970222 70 -10.67 0
71 SWNGPGDSGGPGDDND -10.67 0.0410173867847023 71 -10.67 0
72 WNGPGDSGGPGDDNDD -10.79 0.0409134031256762 72 -10.79 0
73 NGPGDSGGPGDDNDDN -10.75 0.0416441125639939 73 -10.75 0
74 GPGDSGGPGDDNDDND -10.77 0.0460183932136049 213 -10.96 1
75 PGDSGGPGDDNDDNDD -10.72 0.0457961664988682 478 -11.01 1
76 GDSGGPGDDNDDNDDP -10.72 0.0443547732592302 477 -11.01 1
77 DSGGPGDDNDDNDDPG -10.72 0.0416327295763358 77 -10.72 0
78 SGGPGDDNDDNDDPGN -10.7 0.0416619241038182 78 -10.7 0
79 GGPGDDNDDNDDPGNN -10.8 0.0424423544386016 79 -10.8 0
80 GPGDDNDDNDDPGNND -10.75 0.0445893441911734 466 -11.11 0
81 PGDDNDDNDDPGNNDD -10.7 0.0355140548273596 376 -11.25 1
82 GDDNDDNDDPGNNDDP -10.7 0.0323620894703138 375 -11.08 1
83 DDNDDNDDPGNNDDPW -10.67 0.045842899121107 469 -10.91 0
84 DNDDNDDPGNNDDPWG -10.72 0.045865690885528 470 -10.77 0
85 NDDNDDPGNNDDPWGP -10.6 0.0438658782430764 471 -10.83 0
86 DDNDDPGNNDDPWGPG -10.67 0.04002665112018 86 -10.67 0
87 DNDDPGNNDDPWGPGN -10.65 0.0405828419096858 495 -10.97 0
88 NDDPGNNDDPWGPGNN -10.63 0.0397989936043419 88 -10.63 0
89 DDPGNNDDPWGPGNNW -10.67 0.0406184395590691 89 -10.67 0
90 DPGNNDDPWGPGNNWI -10.45 0.0406164226475397 90 -10.45 0
91 PGNNDDPWGPGNNWIW -10.47 0.0403812952141116 91 -10.47 0
92 GNNDDPWGPGNNWIWD -10.59 0.0410434717236454 92 -10.59 0
93 NNDDPWGPGNNWIWDD -10.54 0.0407664435760379 93 -10.54 0
94 NDDPWGPGNNWIWDDS -10.44 0.0408522722864082 94 -10.44 0
95 DDPWGPGNNWIWDDSD -10.46 0.0405577161644836 95 -10.46 0
96 DPWGPGNNWIWDDSDG -10.51 0.0405926603372602 96 -10.51 0
97 PWGPGNNWIWDDSDGD -10.51 0.040146673098375 97 -10.51 0
98 WGPGNNWIWDDSDGDP -10.51 0.0394289702045027 98 -10.51 0
99 GPGNNWIWDDSDGDPG -10.54 0.0392386059372957 99 -10.54 0
100 PGNNWIWDDSDGDPGD -10.49 0.0399680226481795 100 -10.49 0
101 GNNWIWDDSDGDPGDD -10.61 0.0398745681944917 101 -10.61 0
102 NNWIWDDSDGDPGDDD -10.56 0.0397739574762915 102 -10.56 0
103 NWIWDDSDGDPGDDDN -10.56 0.0400055395563383 103 -10.56 0
104 WIWDDSDGDPGDDDND -10.58 0.0410265970223094 104 -10.58 0
105 IWDDSDGDPGDDDNDD -10.56 0.0350649938540503 507 -10.8 0
106 WDDSDGDPGDDDNDDD -10.78 0.0399214247080802 377 -11.29 1
107 DDSDGDPGDDDNDDDP -10.64 0.0478632202650996 473 -11.24 0
108 DSDGDPGDDDNDDDPG -10.69 0.0453463792924577 474 -11.03 1
109 SDGDPGDDDNDDDPGN -10.67 0.0306342902236769 374 -11.13 1
110 DGDPGDDDNDDDPGNW -10.81 0.0404004848323842 377 -11.06 0
111 GDPGDDDNDDDPGNWN -10.79 0.0413083260156988 111 -10.79 0
112 DPGDDDNDDDPGNWND -10.74 0.04366140568266 379 -10.83 0
113 PGDDDNDDDPGNWNDG -10.79 0.0442300347078068 380 -11.13 0
114 GDDDNDDDPGNWNDGD -10.91 0.0441202014938336 381 -11.1 0
115 DDDNDDDPGNWNDGDP -10.74 0.0430049226883367 382 -11.16 0
116 DDNDDDPGNWNDGDPD -10.74 0.0425325344629237 383 -11.16 0
117 DNDDDPGNWNDGDPDN -10.72 0.0289561170212766 509 -10.9 1
118 NDDDPGNWNDGDPDNN -10.7 0.0408678238547399 118 -10.7 0
119 DDDPGNWNDGDPDNNW -10.74 0.0360826158951773 376 -10.88 0
120 DDPGNWNDGDPDNNWD -10.74 0.0409007669324081 120 -10.74 0
121 DPGNWNDGDPDNNWDP -10.62 0.0405772466307044 121 -10.62 0
122 PGNWNDGDPDNNWDPG -10.67 0.0402237175565848 122 -10.67 0
123 GNWNDGDPDNNWDPGG -10.84 0.0402941034199197 123 -10.84 0
124 NWNDGDPDNNWDPGGN -10.77 0.0406219329510822 124 -10.77 0
125 WNDGDPDNNWDPGGNN -10.77 0.040373377855354 125 -10.77 0
126 NDGDPDNNWDPGGNNN -10.73 0.040827587129395 126 -10.73 0
127 DGDPDNNWDPGGNNND -10.75 0.0406685701881815 127 -10.75 0
128 GDPDNNWDPGGNNNDP -10.63 0.0410300569417547 128 -10.63 0
129 DPDNNWDPGGNNNDPG -10.63 0.0407540315283786 129 -10.63 0
130 PDNNWDPGGNNNDPGN -10.61 0.0411553447399628 130 -10.61 0
131 DNNWDPGGNNNDPGNN -10.71 0.0417466362020818 131 -10.71 0
132 NNWDPGGNNNDPGNNN -10.69 0.0413457297003834 132 -10.69 0
133 NWDPGGNNNDPGNNND -10.71 0.0413136093875539 133 -10.71 0
134 WDPGGNNNDPGNNNDP -10.61 0.0418508423592183 134 -10.61 0
135 DPGGNNNDPGNNNDPD -10.7 0.0413108045673553 135 -10.7 0
136 PGGNNNDPGNNNDPDW -10.72 0.0413884313336842 136 -10.72 0
137 GGNNNDPGNNNDPDWW -10.86 0.0411305361708605 137 -10.86 0
138 GNNNDPGNNNDPDWWN -10.79 0.0419626631422435 138 -10.79 0
139 NNNDPGNNNDPDWWNG -10.79 0.0417961369974879 139 -10.79 0
140 NNDPGNNNDPDWWNGP -10.69 0.041892668432634 140 -10.69 0
141 NDPGNNNDPDWWNGPG -10.76 0.0416827614046443 141 -10.76 0
142 DPGNNNDPDWWNGPGN -10.76 0.0418481150797099 142 -10.76 0
143 PGNNNDPDWWNGPGNN -10.74 0.0420292447502902 143 -10.74 0
144 GNNNDPDWWNGPGNND -10.97 0.0419020289330166 144 -10.97 0
145 NNNDPDWWNGPGNNDN -10.9 0.0422570480582626 145 -10.9 0
146 NNDPDWWNGPGNNDNP -10.8 0.0423796238344277 146 -10.8 0
147 NDPDWWNGPGNNDNPD -10.93 0.0419408355266842 147 -10.93 0
148 DPDWWNGPGNNDNPDD -10.95 0.0415087246640143 148 -10.95 0
149 PDWWNGPGNNDNPDDD -10.95 0.0411381389325945 149 -10.95 0
150 DWWNGPGNNDNPDDDD -11.07 0.041406009113022 150 -11.07 0
151 WWNGPGNNDNPDDDDG -11.01 0.0425745156994384 151 -11.01 0
152 WNGPGNNDNPDDDDGG -11.04 0.022565901820518 511 -11.05 0
153 NGPGNNDNPDDDDGGG -11.07 0.0423114964403111 153 -11.07 0
154 GPGNNDNPDDDDGGGG -11.14 0.0428791851091512 154 -11.14 0
155 PGNNDNPDDDDGGGGG -11.14 0.0461137031612234 209 -11.18 0
156 GNNDNPDDDDGGGGGG -11.31 0.0466727626308808 210 -11.45 0
157 NNDNPDDDDGGGGGGG -11.31 0.0466921358768557 211 -11.84 0
158 NDNPDDDDGGGGGGGG -11.38 0.0472404308453901 212 -11.91 0
159 DNPDDDDGGGGGGGGG -11.45 0.0485233941316416 213 -11.85 0
160 NPDDDDGGGGGGGGGG -11.39 0.0477724186582482 160 -11.39 0
161 PDDDDGGGGGGGGGGD -11.52 0.0471492698376212 161 -11.52 0
162 DDDDGGGGGGGGGGDP -11.52 0.0491387717406047 220 -11.54 1
163 DDDGGGGGGGGGGDPG -11.46 0.0498176527769623 216 -11.6 0
164 DDGGGGGGGGGGDPGN -11.44 0.0464775935360353 164 -11.44 0
165 DGGGGGGGGGGDPGNR -11.97 0.047423580212886 165 -11.97 0
166 GGGGGGGGGGDPGNRN -11.95 0.0472218128224024 166 -11.95 0
167 GGGGGGGGGDPGNRND -11.9 0.0455906854323741 167 -11.9 0
168 GGGGGGGGDPGNRNDD -11.85 0.0447688988224822 168 -11.85 0
169 GGGGGGGDPGNRNDDF -11.87 0.0445296362781987 169 -11.87 0
170 GGGGGGDPGNRNDDFD -11.82 0.0441568059786909 170 -11.82 0
171 GGGGGDPGNRNDDFDD -11.77 0.0434309067550571 171 -11.77 0
172 GGGGDPGNRNDDFDDG -11.77 0.043058071137058 172 -11.77 0
173 GGGDPGNRNDDFDDGG -11.77 0.0426582491756154 173 -11.77 0
174 GGDPGNRNDDFDDGGG -11.77 0.0424339471577262 174 -11.77 0
175 GDPGNRNDDFDDGGGD -11.72 0.0412108049409529 175 -11.72 0
176 DPGNRNDDFDDGGGDG -11.72 0.0410650125415226 176 -11.72 0
177 PGNRNDDFDDGGGDGG -11.66 0.0409173180040267 177 -11.66 0
178 GNRNDDFDDGGGDGGG -11.83 0.0418184682314378 178 -11.83 0
179 NRNDDFDDGGGDGGGP -11.66 0.0422522404194914 179 -11.66 0
180 RNDDFDDGGGDGGGPG -11.73 0.042340876396848 180 -11.73 0
181 NDDFDDGGGDGGGPGD -11.31 0.0416695666007139 181 -11.31 0
182 DDFDDGGGDGGGPGDN -11.31 0.0415145481620292 182 -11.31 0
183 DFDDGGGDGGGPGDNR -11.84 0.0423920704695816 183 -11.84 0
184 FDDGGGDGGGPGDNRN -11.82 0.0425437331387753 184 -11.82 0
185 DDGGGDGGGPGDNRND -11.75 0.0427573690265917 185 -11.75 0
186 DGGGDGGGPGDNRNDG -11.8 0.0427635085588394 186 -11.8 0
187 GGGDGGGPGDNRNDGG -11.85 0.0443062635971036 187 -11.85 0
188 GGDGGGPGDNRNDGGG -11.85 0.0443738910589291 188 -11.85 0
189 GDGGGPGDNRNDGGGG -11.85 0.0441594791027833 189 -11.85 0
190 DGGGPGDNRNDGGGGD -11.8 0.0432602396944555 190 -11.8 0
191 GGGPGDNRNDGGGGDG -11.85 0.0439597920732007 191 -11.85 0
192 GGPGDNRNDGGGGDGG -11.85 0.0442861011330899 192 -11.85 0
193 GPGDNRNDGGGGDGGP -11.68 0.0447799957919099 193 -11.68 0
194 PGDNRNDGGGGDGGPG -11.68 0.0447027691144504 194 -11.68 0
195 GDNRNDGGGGDGGPGN -11.78 0.0443012102958538 195 -11.78 0
196 DNRNDGGGGDGGPGNN -11.71 0.0434202562784311 196 -11.71 0
197 NRNDGGGGDGGPGNNR -12.13 0.0439247612206348 197 -12.13 0
198 RNDGGGGDGGPGNNRE -12.71 0.0443397014825586 198 -12.71 0
199 NDGGGGDGGPGNNREG -12.23 0.0441102823389726 199 -12.23 0
200 DGGGGDGGPGNNREGG -12.3 0.0448270651002655 200 -12.3 0
201 GGGGDGGPGNNREGGE -12.86 0.0454689156880437 201 -12.86 0
202 GGGDGGPGNNREGGEG -12.86 0.0441940215667618 202 -12.86 0
203 GGDGGPGNNREGGEGE -13.37 0.0427516860488785 203 -13.37 0
204 GDGGPGNNREGGEGEG -13.37 0.0444402053392287 204 -13.37 0
205 DGGPGNNREGGEGEGG -13.37 0.0467863674147964 205 -13.37 0
206 GGPGNNREGGEGEGGD -13.37 0.047194294520685 206 -13.37 0
207 GPGNNREGGEGEGGDG -13.37 0.0454397645005049 207 -13.37 0
208 PGNNREGGEGEGGDGG -13.37 0.045706380583604 208 -13.37 0
209 GNNREGGEGEGGDGGG -13.54 0.0474300508601544 209 -13.54 0
210 NNREGGEGEGGDGGGG -13.54 0.0471206585837311 210 -13.54 0
211 NREGGEGEGGDGGGGG -13.61 0.0460361979783293 211 -13.61 0
212 REGGEGEGGDGGGGGG -13.68 0.0466253111699992 212 -13.68 0
213 EGGEGEGGDGGGGGGG -13.2 0.0486800535998983 213 -13.2 0
214 GGEGEGGDGGGGGGGG -12.69 0.0485463459126668 214 -12.69 0
215 GEGEGGDGGGGGGGGG -12.69 0.0492914497024023 215 -12.69 0
216 EGEGGDGGGGGGGGGG -12.69 0.0500661343261647 216 -12.69 0
217 GEGGDGGGGGGGGGGP -12.01 0.0498695397388176 217 -12.01 0
218 EGGDGGGGGGGGGGPD -12.07 0.049519730440021 218 -12.07 0
219 GGDGGGGGGGGGGPDE -12.07 0.0495562275735849 219 -12.07 0
220 GDGGGGGGGGGGPDED -12.02 0.0492883456954034 220 -12.02 0
221 DGGGGGGGGGGPDEDD -11.97 0.0487629706902211 221 -11.97 0
222 GGGGGGGGGGPDEDDG -12.02 0.0478124524674838 222 -12.02 0
223 GGGGGGGGGPDEDDGG -12.02 0.0463469793670932 223 -12.02 0
224 GGGGGGGGPDEDDGGP -11.85 0.0458596014344431 224 -11.85 0
225 GGGGGGGPDEDDGGPK -12.48 0.0448375862388601 225 -12.48 0
226 GGGGGGPDEDDGGPKW -12.45 0.0443358063794261 226 -12.45 0
227 GGGGGPDEDDGGPKWE -12.96 0.0438437350920506 227 -12.96 0
228 GGGGPDEDDGGPKWEG -12.96 0.0456581182920855 228 -12.96 0
229 GGGPDEDDGGPKWEGE -13.47 0.0459549907001253 229 -13.47 0
230 GGPDEDDGGPKWEGEG -13.47 0.0455627217934997 230 -13.47 0
231 GPDEDDGGPKWEGEGG -13.47 0.0439495827905503 231 -13.47 0
232 PDEDDGGPKWEGEGGG -13.47 0.0447445532687356 232 -13.47 0
233 DEDDGGPKWEGEGGGE -14.15 0.0451197957580519 233 -14.15 0
234 EDDGGPKWEGEGGGEG -14.09 0.0446605153325873 234 -14.09 0
235 DDGGPKWEGEGGGEGG -13.58 0.044838495758614 235 -13.58 0
236 DGGPKWEGEGGGEGGE -14.14 0.0443470372706463 236 -14.14 0
237 GGPKWEGEGGGEGGEG -14.19 0.0444074372687297 237 -14.19 0
238 GPKWEGEGGGEGGEGG -14.19 0.0452513575056928 238 -14.19 0
239 PKWEGEGGGEGGEGGF -14.21 0.0446609779890787 239 -14.21 0
240 KWEGEGGGEGGEGGFG -14.38 0.0446734632750186 240 -14.38 0
241 WEGEGGGEGGEGGFGG -13.75 0.0460389656901368 241 -13.75 0
242 EGEGGGEGGEGGFGGD -13.73 0.043618289974506 242 -13.73 0
243 GEGGGEGGEGGFGGDR -13.7 0.0441026000420492 243 -13.7 0
244 EGGGEGGEGGFGGDRE -14.21 0.0440476443086412 244 -14.21 0
245 GGGEGGEGGFGGDREG -13.7 0.0427436583053917 245 -13.7 0
246 GGEGGEGGFGGDREGG -13.7 0.0417558697699354 246 -13.7 0
247 GEGGEGGFGGDREGGM -13.72 0.0432940276258848 247 -13.72 0
248 EGGEGGFGGDREGGMD -13.78 0.0425652006088546 248 -13.78 0
249 GGEGGFGGDREGGMDE -13.9 0.0421762107789323 249 -13.9 0
250 GEGGFGGDREGGMDEM -13.92 0.0415666761226414 250 -13.92 0
251 EGGFGGDREGGMDEMG -13.92 0.0410306679736732 251 -13.92 0
252 GGFGGDREGGMDEMGG -13.41 0.0410692973577266 252 -13.41 0
253 GFGGDREGGMDEMGGW -13.38 0.0426027592317185 253 -13.38 0
254 FGGDREGGMDEMGGWE -13.89 0.0436314797738845 254 -13.89 0
255 GGDREGGMDEMGGWER -14.35 0.0429997546753222 255 -14.35 0
256 GDREGGMDEMGGWERN -14.28 0.041718485457807 256 -14.28 0
257 DREGGMDEMGGWERNG -14.28 0.0440059715589273 257 -14.28 0
258 REGGMDEMGGWERNGD -14.28 0.0440513275275321 258 -14.28 0
259 EGGMDEMGGWERNGDE -14.31 0.0425672402206698 259 -14.31 0
260 GGMDEMGGWERNGDEH -13.87 0.0451758914589866 260 -13.87 0
261 GMDEMGGWERNGDEHR -14.35 0.0438377424488317 261 -14.35 0
262 MDEMGGWERNGDEHRD -14.3 0.0462962962962963 262 -14.3 0
263 DEMGGWERNGDEHRDK -14.91 0.0455160185129531 263 -14.91 0
264 EMGGWERNGDEHRDKN -14.78 0.0454933667368901 264 -14.78 0
265 MGGWERNGDEHRDKNR -14.63 0.0437916286367305 265 -14.63 0
266 GGWERNGDEHRDKNRD -14.67 0.0409280378638298 266 -14.67 0
267 GWERNGDEHRDKNRDD -14.62 0.038032904148784 267 -14.62 0
268 WERNGDEHRDKNRDDR -15.1 0.0370360801913254 268 -15.1 0
269 ERNGDEHRDKNRDDRD -15.19 0.0331256685727283 269 -15.19 0
270 RNGDEHRDKNRDDRDD -14.74 0.0315398173145519 270 -14.74 0
271 NGDEHRDKNRDDRDDS -14.09 0.0277430581930931 271 -14.09 0
372 EIRMDEGGGDGEGGEG -14.11 0.0266361210524173 372 -14.11 0
373 IRMDEGGGDGEGGEGE -14.11 0.0294139441138767 373 -14.11 0
374 RMDEGGGDGEGGEGEG -14.38 0.0317325887130495 374 -14.38 0
375 MDEGGGDGEGGEGEGG -13.9 0.0346188147844826 375 -13.9 0
376 DEGGGDGEGGEGEGGW -13.85 0.0384836790097384 376 -13.85 0
377 EGGGDGEGGEGEGGWF -13.81 0.0402309506504294 377 -13.81 0
378 GGGDGEGGEGEGGWFG -13.3 0.0433548924019529 378 -13.3 0
379 GGDGEGGEGEGGWFGE -13.81 0.0476220764030968 379 -13.81 0
380 GDGEGGEGEGGWFGEG -13.81 0.0471047744303853 380 -13.81 0
381 DGEGGEGEGGWFGEGG -13.81 0.0448345283858403 381 -13.81 0
382 GEGGEGEGGWFGEGGP -13.58 0.0456972480702602 382 -13.58 0
383 EGGEGEGGWFGEGGPG -13.58 0.0481457825607576 383 -13.58 0
384 GGEGEGGWFGEGGPGG -13.07 0.0456920571738737 384 -13.07 0
385 GEGEGGWFGEGGPGGG -13.07 0.0446274049775886 385 -13.07 0
386 EGEGGWFGEGGPGGGG -13.07 0.0458164071115032 386 -13.07 0
387 GEGGWFGEGGPGGGGD -12.51 0.0470083809833263 387 -12.51 0
388 EGGWFGEGGPGGGGDG -12.51 0.0458461505558784 388 -12.51 0
389 GGWFGEGGPGGGGDGG -12 0.0455453935520322 389 -12 0
390 GWFGEGGPGGGGDGGG -12 0.047074107664994 390 -12 0
391 WFGEGGPGGGGDGGGG -12 0.0465993635003267 391 -12 0
392 FGEGGPGGGGDGGGGE -12.54 0.0453220960467338 392 -12.54 0
393 GEGGPGGGGDGGGGEG -12.52 0.0452569096517218 393 -12.52 0
394 EGGPGGGGDGGGGEGG -12.52 0.0466717699199359 394 -12.52 0
395 GGPGGGGDGGGGEGGM -12.03 0.047033378307829 395 -12.03 0
396 GPGGGGDGGGGEGGMW -12 0.0475539408632653 396 -12 0
397 PGGGGDGGGGEGGMWD -11.95 0.0458954400108249 397 -11.95 0
398 GGGGDGGGGEGGMWDG -12.12 0.0466065492682488 398 -12.12 0
399 GGGDGGGGEGGMWDGG -12.12 0.0467992819267607 399 -12.12 0
400 GGDGGGGEGGMWDGGG -12.12 0.0466272484145629 400 -12.12 0
401 GDGGGGEGGMWDGGGG -12.12 0.0432392345830316 401 -12.12 0
402 DGGGGEGGMWDGGGGG -12.12 0.0398132710903635 402 -12.12 0
403 GGGGEGGMWDGGGGGG -12.17 0.0377852076717541 403 -12.17 0
404 GGGEGGMWDGGGGGGG -12.17 0.0344517549973515 404 -12.17 0
405 GGEGGMWDGGGGGGGN -12.1 0.0316577905420478 405 -12.1 0
406 GEGGMWDGGGGGGGNN -12.03 0.0279988894629007 406 -12.03 0
407 EGGMWDGGGGGGGNNE -12.54 0.024231250646345 407 -12.54 0
454 GWGGGWGGDHFGGDPG -11.59 0.0239121869672321 454 -11.59 0
455 WGGGWGGDHFGGDPGR -12.07 0.0267597181783833 455 -12.07 0
456 GGGWGGDHFGGDPGRR -12.58 0.0292220622944757 456 -12.58 0
457 GGWGGDHFGGDPGRRE -13.09 0.0321983607038984 457 -13.09 0
458 GWGGDHFGGDPGRREE -13.6 0.0342240957921857 458 -13.6 0
459 WGGDHFGGDPGRREEG -13.6 0.0381104895669964 459 -13.6 0
460 GGDHFGGDPGRREEGG -13.63 0.0393396672855011 460 -13.63 0
461 GDHFGGDPGRREEGGE -14.14 0.0444372212290301 461 -14.14 0
462 DHFGGDPGRREEGGEG -14.14 0.0420323964104224 462 -14.14 0
463 HFGGDPGRREEGGEGG -14.19 0.0444916411962069 463 -14.19 0
464 FGGDPGRREEGGEGGP -13.95 0.0435024706836787 464 -13.95 0
465 GGDPGRREEGGEGGPR -14.41 0.0448085219260894 465 -14.41 0
466 GDPGRREEGGEGGPRE -14.92 0.0455181704326594 466 -14.92 0
467 DPGRREEGGEGGPREG -14.92 0.0440005696788436 467 -14.92 0
468 PGRREEGGEGGPREGG -14.86 0.0449938781432019 468 -14.86 0
469 GRREEGGEGGPREGGP -14.86 0.0439223119686532 469 -14.86 0
470 RREEGGEGGPREGGPE -15.37 0.0468793590614829 470 -15.37 0
471 REEGGEGGPREGGPEG -14.89 0.0441599513676052 471 -14.89 0
472 EEGGEGGPREGGPEGE -14.92 0.0464303527147303 472 -14.92 0
473 EGGEGGPREGGPEGEG -14.41 0.0458550469852033 473 -14.41 0
474 GGEGGPREGGPEGEGG -13.9 0.044362801537957 474 -13.9 0
475 GEGGPREGGPEGEGGR -14.38 0.045844263979905 475 -14.38 0
476 EGGPREGGPEGEGGRE -14.89 0.0463134507407171 476 -14.89 0
477 GGPREGGPEGEGGREG -14.38 0.0453907036883432 477 -14.38 0
478 GPREGGPEGEGGREGG -14.38 0.04634436988319 478 -14.38 0
479 PREGGPEGEGGREGGM -14.4 0.0461831507147522 479 -14.4 0
480 REGGPEGEGGREGGME -15.08 0.0475769366819951 480 -15.08 0
481 EGGPEGEGGREGGMEG -14.6 0.0471100867874249 481 -14.6 0
482 GGPEGEGGREGGMEGG -14.09 0.0455445968666003 482 -14.09 0
483 GPEGEGGREGGMEGGE -14.6 0.045905425153806 483 -14.6 0
484 PEGEGGREGGMEGGEG -14.6 0.0458005320592866 484 -14.6 0
485 EGEGGREGGMEGGEGG -14.77 0.044678589181207 485 -14.77 0
486 GEGGREGGMEGGEGGG -14.26 0.0462888953834344 486 -14.26 0
487 EGGREGGMEGGEGGGR -14.74 0.0426272403262367 487 -14.74 0
488 GGREGGMEGGEGGGRE -14.74 0.0445182960422257 488 -14.74 0
489 GREGGMEGGEGGGREG -14.74 0.0422032022268737 489 -14.74 0
490 REGGMEGGEGGGREGG -14.74 0.0451615201054244 490 -14.74 0
491 EGGMEGGEGGGREGGM -14.28 0.0422717485487332 491 -14.28 0
492 GGMEGGEGGGREGGMG -13.77 0.0440350417648942 492 -13.77 0
493 GMEGGEGGGREGGMGW -13.74 0.041528501500079 493 -13.74 0
494 MEGGEGGGREGGMGWG -13.74 0.0422125895212967 494 -13.74 0
495 EGGEGGGREGGMGWGE -14.35 0.0414506629828165 495 -14.35 0
496 GGEGGGREGGMGWGEF -13.86 0.0430951780803365 496 -13.86 0
497 GEGGGREGGMGWGEFR -14.34 0.0407910621054493 497 -14.34 0
498 EGGGREGGMGWGEFRD -14.29 0.0419931213177458 498 -14.29 0
499 GGGREGGMGWGEFRDE -14.29 0.0402368001230131 499 -14.29 0
500 GGREGGMGWGEFRDEG -14.29 0.0418597589904165 500 -14.29 0
501 GREGGMGWGEFRDEGK -14.92 0.0403552228542852 501 -14.92 0
502 REGGMGWGEFRDEGKH -14.99 0.0435107975197776 502 -14.99 0
503 EGGMGWGEFRDEGKHE -15.02 0.0415922187644212 503 -15.02 0
504 GGMGWGEFRDEGKHEN -14.44 0.0434218197364841 504 -14.44 0
505 GMGWGEFRDEGKHENR -14.92 0.0392640438441965 505 -14.92 0
506 MGWGEFRDEGKHENRE -15.43 0.0411744190241771 506 -15.43 0
507 GWGEFRDEGKHENREE -15.92 0.0394257363194428 507 -15.92 0
508 WGEFRDEGKHENREEK -16.55 0.0370622482401839 508 -16.55 0
509 GEFRDEGKHENREEKE -17.09 0.0364746177838158 509 -17.09 0
510 EFRDEGKHENREEKEW -17.06 0.0324878871210633 510 -17.06 0
511 FRDEGKHENREEKEWP -16.26 0.0321076456130644 511 -16.26 0

509 GEFRDEGKHENREEKE -17.09 0.0364746177838158 509 -17.09 0
216 EGEGGDGGGGGGGGGG -12.69 0.0500661343261647 216 -12.69 0