potential =  MJ_original_pot.txt
p53-c-terminal =  FUS.txt
analized peptide =  FUS_MJOT16_508.txt
2 -20.64 0
3 -20.68 0
4 -20.06 0
5 -19.95 0
6 -20.9 1
7 -20.48 1
8 -19.92 1
9 -18.84 1
10 -19.37 0
11 -19.88 0
12 -19.82 0
13 -20.02 0
14 -20.87 0
15 -21.49 0
16 -22.37 0
17 -22.21 0
18 -21.9 0
19 -21.98 1
20 -21.96 1
21 -21.53 1
22 -22.39 0
23 -23.37 0
24 -23.45 0
25 -23.7 1
26 -23.66 1
27 -23.05 0
28 -23.61 0
29 -23.92 0
30 -23.35 1
31 -22.85 1
32 -22.59 1
33 -23.45 0
34 -24.08 1
35 -24.71 1
36 -23.8 1
37 -23.26 0
38 -23.66 0
39 -24.35 0
40 -24.01 0
41 -25.06 0
42 -25.08 0
43 -24.9 1
44 -24.51 1
45 -23.65 1
46 -23.28 0
47 -23.7 0
48 -23.96 0
49 -23.87 1
50 -24.48 0
51 -24.56 0
52 -24.33 1
53 -24.06 0
54 -23.99 1
55 -23.94 0
56 -24.17 1
57 -23.29 1
58 -23.33 1
59 -22.89 1
60 -23.6 1
61 -23 1
62 -22.55 1
63 -21.73 1
64 -21.84 1
65 -21.36 1
66 -21.26 0
67 -21.77 0
68 -22.07 0
69 -21.87 0
70 -21.98 0
71 -22.43 0
72 -22.79 0
73 -23.46 0
74 -23.82 0
75 -24.36 0
76 -24.13 0
77 -23.92 1
78 -23.54 0
79 -24.1 0
80 -24.63 0
81 -25.24 0
82 -25.41 0
83 -24.94 0
84 -24.78 1
85 -24.73 1
86 -23.89 1
87 -23.04 1
88 -22.01 1
89 -21.52 1
90 -21.13 1
91 -20.09 1
92 -20.03 1
93 -21.05 0
94 -21.53 1
95 -21.49 1
96 -21.51 1
97 -20.45 1
98 -20.11 1
99 -20.99 0
100 -21.78 0
101 -22.72 0
102 -23.07 0
103 -23.06 0
104 -24.14 0
105 -25.54 0
106 -26.39 0
107 -26.26 1
108 -25.61 1
109 -24.75 1
110 -24.63 0
111 -24.27 0
112 -24.19 1
113 -24.51 1
114 -24.35 1
115 -25.09 0
116 -24.65 0
117 -24.7 0
118 -24.61 1
119 -23.69 1
120 -23.1 1
121 -22.02 0
122 -22.66 1
123 -22.07 1
124 -22.03 1
125 -22.19 0
126 -22.45 0
127 -23.13 0
128 -22.6 0
129 -22.57 0
130 -22.19 1
131 -22.4 0
132 -22.49 0
133 -22.29 1
134 -22.34 1
135 -22.44 1
136 -22.14 0
137 -22.73 0
138 -23.13 0
139 -22.95 1
140 -23.09 1
141 -22.41 1
142 -20.88 1
143 -21.48 0
144 -22.81 0
145 -22.79 0
146 -23.07 0
147 -23.23 0
148 -23.79 0
149 -23.84 1
150 -23.87 1
151 -24.09 1
152 -23.86 1
153 -23.62 1
154 -23.13 1
155 -22.63 1
156 -22.61 1
157 -22.76 1
158 -22.98 1
159 -22.71 1
160 -22.21 1
161 -21.64 1
162 -21.59 0
163 -21.52 1
164 -20.86 1
165 -19.64 1
166 -19.67 0
167 -20.2 0
168 -20.62 0
169 -20.73 0
170 -20.86 0
171 -21.19 0
172 -22.52 1
173 -22.5 1
174 -21.23 1
175 -21.2 0
176 -20.56 0
177 -20.86 1
178 -19.93 1
179 -20.66 0
180 -21.23 0
181 -21.9 0
182 -21.08 0
183 -21.06 1
184 -21.53 1
185 -21.88 1
186 -22.76 1
187 -22.11 1
188 -21.14 1
189 -21.04 0
190 -21.82 0
191 -21.71 0
192 -21.06 0
193 -21.26 0
194 -22.02 0
195 -22.13 0
196 -21.3 0
197 -21.37 0
198 -21.88 1
199 -22.51 1
200 -23.15 1
201 -22.8 0
202 -25.08 0
203 -27.09 0
204 -26.16 0
205 -25.96 0
206 -24.97 0
207 -25.84 0
208 -25.13 0
209 -25.79 1
210 -24.8 1
211 -25.53 1
212 -25.21 1
213 -24.62 1
214 -23.69 1
215 -22.91 1
216 -22.17 1
217 -21.11 1
218 -21.27 0
219 -22.13 0
220 -23.01 0
221 -23.22 1
222 -22.61 1
223 -22.53 0
224 -22.58 0
225 -21.89 0
226 -22.18 0
227 -22.72 0
228 -25.18 0
229 -25.71 0
230 -26.82 0
231 -27.44 0
232 -28.45 0
233 -28.32 1
234 -26.71 1
235 -25.69 1
236 -26.21 0
237 -26.62 0
238 -26.57 0
239 -25.49 1
240 -24.68 1
241 -24.71 1
242 -25.54 1
243 -23.93 1
244 -22.94 1
245 -23.22 0
246 -24.19 1
247 -22.54 1
248 -21.45 0
249 -24.09 0
250 -22.82 1
251 -22 1
252 -20.34 1
253 -20.28 0
254 -21 0
255 -22.16 0
256 -21.81 1
257 -22.24 0
258 -22.87 0
259 -23.22 0
260 -23.83 0
261 -26.28 0
262 -27.01 0
263 -26.31 0
264 -26.48 1
265 -25.33 1
266 -24.88 0
267 -27.91 0
268 -27.91 1
269 -27.95 1
270 -29.14 1
373 -26.1 0
374 -26.68 1
375 -27.93 1
376 -26.39 1
377 -25.01 1
378 -23.34 0
379 -24.3 1
380 -25.31 1
381 -26.3 1
382 -24.3 1
383 -23.22 1
384 -23.31 1
385 -23.42 1
386 -21.27 1
387 -19.92 1
388 -20.68 0
389 -19.32 0
390 -19.05 1
391 -19.24 1
392 -21.42 0
393 -21.97 1
394 -22 1
395 -19.76 0
396 -19.47 0
397 -18.9 0
398 -20.58 1
399 -19.95 1
400 -19.34 1
401 -18.37 0
402 -18.72 1
403 -18.57 1
404 -17.99 0
405 -19.95 0
406 -20.91 0
455 -18.02 0
456 -19.47 0
457 -21.64 0
458 -22.58 0
459 -24.23 0
460 -25.79 0
461 -27.8 0
462 -26.76 0
463 -26.87 1
464 -25.37 1
465 -26.4 0
466 -28.29 0
467 -27.25 1
468 -28.19 1
469 -26.31 0
470 -29.42 0
471 -30.19 0
472 -32.26 1
473 -29.37 1
474 -27.71 1
475 -27.87 0
476 -26.86 0
477 -27.01 0
478 -27.11 1
479 -26.06 0
480 -25.48 1
481 -26.8 0
482 -28.37 1
483 -26.76 1
484 -27.49 1
485 -26.25 1
486 -26.06 1
487 -23.65 0
488 -23.4 0
489 -25.41 0
490 -25.21 1
491 -22.73 1
492 -21.28 0
493 -21.91 0
494 -23.92 1
495 -22.64 1
496 -22.2 1
497 -21.71 0
498 -20.56 1
499 -21.13 1
500 -21.3 0
501 -22.02 1
502 -21.21 0
503 -23.49 0
504 -24.52 0
505 -23.86 1
506 -25.23 0
507 -29.98 0
508 -34.25 0
509 -31.13 0
510 -30.19 1

508 -34.25 -265.88 -8380.27 0.0317269014005515 0
