potential =  KK_new_pot.txt
original sequence =  FUS.txt

2 AARRRQSSAASQKAAA -32.038592 0.0337197605659762 2 -32.038592 0
3 ARRRQSSAASQKAAAQ -31.307632 0.0532725601487472 457 -31.759862 1
4 RRRQSSAASQKAAAQA -30.542872 0.0531848775443916 456 -38.535242 1
5 RRQSSAASQKAAAQAA -28.181592 0.0346858216813216 456 -36.959182 1
6 RQSSAASQKAAAQAAA -23.621502 0.0210497125828045 455 -31.868802 1
7 QSSAASQKAAAQAAAA -19.136152 0.084183591962673 159 -27.070182 0
8 SSAASQKAAAQAAAAA -20.744062 0.0851895391371197 159 -29.058572 0
9 SAASQKAAAQAAAAAP -20.068112 0.090155641265628 161 -29.031202 0
10 AASQKAAAQAAAAAPK -19.407822 0.0905917968505563 162 -29.243902 0
11 ASQKAAAQAAAAAPKQ -18.620852 0.0926098388145354 164 -29.933152 1
12 SQKAAAQAAAAAPKQS -18.311762 0.0976084590355339 163 -30.395802 0
13 QKAAAQAAAAAPKQSS -18.396542 0.0966828238540687 164 -30.113412 0
14 KAAAQAAAAAPKQSSQ -18.798372 0.0981959955922872 161 -30.123752 1
15 AAAQAAAAAPKQSSQQ -19.264532 0.0885507518094818 167 -30.529612 0
16 AAQAAAAAPKQSSQQQ -18.861322 0.0897525916525424 167 -28.736972 0
17 AQAAAAAPKQSSQQQQ -18.056282 0.0887013226583901 159 -26.793532 1
18 QAAAAAPKQSSQQQQA -18.056282 0.0791364091144897 187 -24.759182 0
19 AAAAAPKQSSQQQQAP -18.088632 0.0741566348823098 188 -25.682242 0
20 AAAAPKQSSQQQQAPS -18.551062 0.0691432960573592 189 -23.327512 0
21 AAAPKQSSQQQQAPSS -18.895412 0.0675924275247703 190 -21.718332 0
22 AAPKQSSQQQQAPSSQ -18.142832 0.066925088685948 191 -19.580502 0
23 APKQSSQQQQAPSSQQ -17.727452 0.0679612785214704 23 -17.727452 0
24 PKQSSQQQQAPSSQQK -16.257102 0.0694003574855875 24 -16.257102 0
25 KQSSQQQQAPSSQQKK -16.214472 0.0703588489643098 25 -16.214472 0
26 QSSQQQQAPSSQQKKK -16.214472 0.01893667771606 456 -16.715592 0
27 SSQQQQAPSSQQKKKQ -16.214472 0.070340370149914 27 -16.214472 0
28 SQQQQAPSSQQKKKQQ -16.138422 0.0733734288023175 43 -16.149342 1
29 QQQQAPSSQQKKKQQS -16.053642 0.0800910314716422 42 -16.292412 1
30 QQQAPSSQQKKKQQSR -18.071882 0.0805741701496894 30 -18.071882 0
31 QQAPSSQQKKKQQSRR -19.738972 0.0399749795303344 456 -21.759722 0
32 QAPSSQQKKKQQSRRR -21.946572 0.0659964216788514 456 -28.667912 0
33 APSSQQKKKQQSRRRA -23.317802 0.063389377914512 457 -24.311832 0
34 PSSQQKKKQQSRRRAK -23.291232 0.123127314819282 34 -23.291232 0
35 SSQQKKKQQSRRRAKA -23.928612 0.138008153620844 35 -23.928612 0
36 SQQKKKQQSRRRAKAP -23.310952 0.14606284196313 36 -23.310952 0
37 QQKKKQQSRRRAKAPA -23.493542 0.135888813546684 37 -23.493542 0
38 QKKKQQSRRRAKAPAQ -23.895372 0.132341477410528 38 -23.895372 0
39 KKKQQSRRRAKAPAQQ -23.895372 0.0744897221928251 270 -24.444212 1
40 KKQQSRRRAKAPAQQQ -24.296902 0.0744401140344648 269 -24.860702 1
41 KQQSRRRAKAPAQQQQ -24.698432 0.113727378098629 41 -24.698432 0
42 QQSRRRAKAPAQQQQQ -25.099962 0.0990067670514045 42 -25.099962 0
43 QSRRRAKAPAQQQQQK -25.035632 0.0839718050483784 43 -25.035632 0
44 SRRRAKAPAQQQQQKP -24.612102 0.0663460155812608 457 -28.014042 1
45 RRRAKAPAQQQQQKPA -24.879472 0.0657732646656331 456 -32.914002 1
46 RRAKAPAQQQQQKPAS -22.937282 0.0398727396408046 456 -26.360582 1
47 RAKAPAQQQQQKPASS -21.131822 0.0678245891251536 47 -21.131822 0
48 AKAPAQQQQQKPASSS -19.151582 0.0705247540640043 156 -20.554452 1
49 KAPAQQQQQKPASSSA -18.994502 0.0715180073499746 188 -19.717192 1
50 APAQQQQQKPASSSAA -19.055462 0.0732406394784692 187 -22.650872 1
51 PAQQQQQKPASSSAAA -19.055462 0.0837907944975601 159 -23.554872 0
52 AQQQQQKPASSSAAAA -19.073792 0.0843534396822001 159 -26.141022 0
53 QQQQQKPASSSAAAAA -19.200292 0.090747184502497 160 -28.421922 0
54 QQQQKPASSSAAAAAS -19.191562 0.0952015427506203 161 -27.939832 0
55 QQQKPASSSAAAAASS -19.247462 0.0986823503028634 162 -27.457742 0
56 QQKPASSSAAAAASSA -19.438692 0.0888933945545001 166 -28.511302 1
57 QKPASSSAAAAASSAA -19.235022 0.0907837176666602 165 -29.626982 1
58 KPASSSAAAAASSAAA -19.650402 0.088323317575735 166 -30.736442 1
59 PASSSAAAAASSAAAP -19.693032 0.0900109475778837 161 -30.708242 0
60 ASSSAAAAASSAAAPA -20.330412 0.0875450485695222 162 -30.944182 0
61 SSSAAAAASSAAAPAK -19.605612 0.0902894734716827 163 -31.752542 0
62 SSAAAAASSAAAPAKA -20.309602 0.0891730311483251 164 -31.430212 0
63 SAAAAASSAAAPAKAA -21.228012 0.0885212655023481 163 -30.872072 0
64 AAAAASSAAAPAKAAA -22.715602 0.0878343344113617 164 -30.549742 0
65 AAAASSAAAPAKAAAA -22.306492 0.0730225275696287 402 -30.801632 0
66 AAASSAAAPAKAAAAA -22.925542 0.0669092003310364 403 -31.547182 0
67 AASSAAAPAKAAAAAK -22.245532 0.0881260661674581 162 -29.972892 0
68 ASSAAAPAKAAAAAKA -23.304272 0.0914794543775494 162 -30.804172 0
69 SSAAAPAKAAAAAKAQ -22.919132 0.0923934252845138 163 -31.298702 0
70 SAAAPAKAAAAAKAQQ -22.927862 0.0964224178927074 164 -30.698112 0
71 AAAPAKAAAAAKAQQQ -22.936592 0.0927439042961631 160 -31.091842 1
72 AAPAKAAAAAKAQQQQ -22.809992 0.0952098647794561 160 -30.762312 1
73 APAKAAAAAKAQQQQQ -23.078292 0.0961444780047961 160 -30.489342 1
74 PAKAAAAAKAQQQQQQ -22.727542 0.0970317757631789 160 -29.334292 1
75 AKAAAAAKAQQQQQQQ -23.086442 0.0925759172038984 159 -29.100322 1
76 KAAAAAKAQQQQQQQK -22.406432 0.0982521816584087 160 -25.588122 1
77 AAAAAKAQQQQQQQKP -22.449062 0.0908082002065826 159 -26.848042 1
78 AAAAKAQQQQQQQKPS -21.863152 0.0852482811319703 158 -24.826182 1
79 AAAKAQQQQQQQKPSS -21.159162 0.0792131441185158 157 -22.875672 1
80 AAKAQQQQQQQKPSSQ -19.633572 0.0727424039417394 156 -19.791232 1
81 AKAQQQQQQQKPSSQQ -19.355092 0.0812261889516071 81 -19.355092 0
82 KAQQQQQQQKPSSQQQ -18.887252 0.0823360920023319 82 -18.887252 0
83 AQQQQQQQKPSSQQQA -18.913822 0.0758331823494477 83 -18.913822 0
84 QQQQQQQKPSSQQQAA -17.820692 0.0778906121174549 105 -19.859842 1
85 QQQQQQKPSSQQQAAA -18.034542 0.0712595523304776 104 -19.873392 1
86 QQQQQKPSSQQQAAAP -17.611012 0.0813763107805437 171 -20.662052 1
87 QQQQKPSSQQQAAAPS -17.805142 0.0810138865310987 170 -20.770812 1
88 QQQKPSSQQQAAAPSS -17.606952 0.0796761869093397 169 -20.951182 1
89 QQKPSSQQQAAAPSSA -17.957702 0.0780849702664229 168 -23.368202 1
90 QKPSSQQQAAAPSSAA -18.795462 0.08522053954827 159 -25.788132 0
91 KPSSQQQAAAPSSAAA -19.605742 0.0915561780197321 160 -27.580982 0
92 PSSQQQAAAPSSAAAQ -20.219742 0.088517676325947 160 -28.037982 0
93 SSQQQAAAPSSAAAQQ -20.778582 0.0873190996956337 161 -28.146462 0
94 SQQQAAAPSSAAAQQQ -20.719762 0.0892036986525063 163 -28.617212 1
95 QQQAAAPSSAAAQQQA -21.423752 0.0857063999465772 163 -28.573752 0
96 QQAAAPSSAAAQQQAA -22.077292 0.0819420045167029 162 -27.749932 1
97 QAAAPSSAAAQQQAAK -21.675762 0.0884399488938151 165 -27.785082 0
98 AAAPSSAAAQQQAAKK -21.463592 0.0874398600056258 166 -28.539602 0
99 AAPSSAAAQQQAAKKK -21.437022 0.0857478421077234 166 -26.564682 0
100 APSSAAAQQQAAKKKA -22.530152 0.0808331731949938 167 -24.678682 0
101 PSSAAAQQQAAKKKAQ -22.653502 0.0669544971148594 101 -22.653502 0
102 SSAAAQQQAAKKKAQQ -23.077032 0.0689422394243345 102 -23.077032 0
103 SAAAQQQAAKKKAQQQ -22.882902 0.0691667710389083 103 -22.882902 0
104 AAAQQQAAKKKAQQQQ -23.081092 0.0675668609040923 104 -23.081092 0
105 AAQQQAAKKKAQQQQQ -23.067542 0.0704304525647419 105 -23.067542 0
106 AQQQAAKKKAQQQQQQ -22.165152 0.0780694698805679 106 -22.165152 0
107 QQQAAKKKAQQQQQQK -20.953342 0.0830246227459535 107 -20.953342 0
108 QQAAKKKAQQQQQQKP -20.381972 0.0828954439014772 108 -20.381972 0
109 QAAKKKAQQQQQQKPA -20.597412 0.0760189435467911 109 -20.597412 0
110 AAKKKAQQQQQQKPAS -20.263912 0.0683099931389673 110 -20.263912 0
111 AKKKAQQQQQQKPASQ -19.294512 0.0759514737511408 111 -19.294512 0
112 KKKAQQQQQQKPASQA -18.899612 0.0766322437351979 112 -18.899612 0
113 KKAQQQQQQKPASQAA -20.019312 0.040038355598908 225 -20.687242 1
114 KAQQQQQQKPASQAAK -20.019312 0.0659487274869737 114 -20.019312 0
115 AQQQQQQKPASQAAKQ -20.420842 0.0695771190972144 115 -20.420842 0
116 QQQQQQKPASQAAKQQ -19.365472 0.0706464434904715 116 -19.365472 0
117 QQQQQKPASQAAKQQS -19.104322 0.0674854467858564 117 -19.104322 0
118 QQQQKPASQAAKQQSS -18.906132 0.064494136284008 118 -18.906132 0
119 QQQKPASQAAKQQSSQ -18.716772 0.0662880453678066 119 -18.716772 0
120 QQKPASQAAKQQSSQQ -18.462782 0.0718327483396012 181 -18.484332 1
121 QKPASQAAKQQSSQQK -17.659422 0.0791356532763766 180 -19.629882 1
122 KPASQAAKQQSSQQKA -17.937902 0.0810636811797303 179 -19.724272 1
123 PASQAAKQQSSQQKAA -19.408252 0.074831056451835 187 -21.490022 0
124 ASQAAKQQSSQQKAAS -20.025912 0.0748191155703988 188 -21.698122 0
125 SQAAKQQSSQQKAASS -20.012362 0.0570149149686393 125 -20.012362 0
126 QAAKQQSSQQKAASSS -20.286602 0.0612989562233851 126 -20.286602 0
127 AAKQQSSQQKAASSSQ -20.074132 0.0646738400717689 127 -20.074132 0
128 AKQQSSQQKAASSSQK -19.349332 0.0664090149790942 128 -19.349332 0
129 KQQSSQQKAASSSQKP -18.272262 0.0648711250895296 129 -18.272262 0
130 QQSSQQKAASSSQKPS -18.932552 0.0699917704437982 130 -18.932552 0
131 QSSQQKAASSSQKPSS -19.334382 0.0675759528547468 131 -19.334382 0
132 SSQQKAASSSQKPSSS -19.812262 0.062493808042338 132 -19.812262 0
133 SQQKAASSSQKPSSSQ -19.334382 0.0678464296041569 133 -19.334382 0
134 QQKAASSSQKPSSSQQ -19.254302 0.066419498678378 134 -19.254302 0
135 QKAASSSQKPSSSQQQ -18.976032 0.0613058844246508 135 -18.976032 0
136 KAASSSQKPSSSQQQA -19.165152 0.0624994422939914 136 -19.165152 0
137 AASSSQKPSSSQQQAA -19.328622 0.071067895873406 188 -21.622532 0
138 ASSSQKPSSSQQQAAA -19.465522 0.0715657039242121 188 -21.250182 0
139 SSSQKPSSSQQQAAAP -18.037802 0.0773209692031325 157 -19.463272 0
140 SSQKPSSSQQQAAAPA -18.057522 0.0790721890685019 157 -22.084262 0
141 SQKPSSSQQQAAAPAP -17.296792 0.0825751633637574 158 -22.074452 0
142 QKPSSSQQQAAAPAPS -17.414872 0.080445001390465 167 -22.358882 1
143 KPSSSQQQAAAPAPSS -17.939482 0.0893915670552455 160 -22.247142 0
144 PSSSQQQAAAPAPSSS -18.528422 0.0874608033333709 160 -24.205772 0
145 SSSQQQAAAPAPSSSN -18.445772 0.0904600560509749 161 -24.537802 0
146 SSQQQAAAPAPSSSNN -17.745462 0.0900088652175894 162 -24.899602 0
147 SQQQAAAPAPSSSNNQ -17.129992 0.0900459471269205 163 -25.175442 0
148 QQQAAAPAPSSSNNQQ -17.177502 0.0928713328140936 163 -25.158332 0
149 QQAAAPAPSSSNNQQQ -17.916532 0.0942456136531786 162 -25.151872 1
150 QAAAPAPSSSNNQQQA -18.848342 0.0882081221359028 161 -24.138882 1
151 AAAPAPSSSNNQQQAA -20.715062 0.07567746857236 188 -25.463602 0
152 AAPAPSSSNNQQQAAA -22.924572 0.0731679594654529 189 -24.718052 0
153 APAPSSSNNQQQAAAA -25.371902 0.0678606795820002 153 -25.371902 0
154 PAPSSSNNQQQAAAAA -27.165792 0.0725650352376804 154 -27.165792 0
155 APSSSNNQQQAAAAAA -29.733962 0.0752178922300207 155 -29.733962 0
156 PSSSNNQQQAAAAAAA -31.664752 0.0819500738319986 157 -32.415002 0
157 SSSNNQQQAAAAAAAA -34.232922 0.0848977314018863 158 -34.652122 0
158 SSNNQQQAAAAAAAAA -36.183432 0.0901664448195311 159 -36.673982 0
159 SNNQQQAAAAAAAAAA -38.205292 0.0912561823978237 159 -38.205292 0
160 NNQQQAAAAAAAAAAA -39.324522 0.0960872638099079 160 -39.324522 0
161 NQQQAAAAAAAAAAAN -39.238012 0.0990795158909141 161 -39.238012 0
162 QQQAAAAAAAAAAANN -39.151502 0.099765146719926 162 -39.151502 0
163 QQAAAAAAAAAAANNP -39.006242 0.0972825906801593 163 -39.006242 0
164 QAAAAAAAAAAANNPR -40.325602 0.107890015556871 164 -40.325602 0
165 AAAAAAAAAAANNPRR -42.132752 0.0328023829910151 456 -42.293302 0
166 AAAAAAAAAANNPRRR -43.736082 0.0453095869269935 456 -46.087182 0
167 AAAAAAAAANNPRRRQ -42.336992 0.109381161142124 167 -42.336992 0
168 AAAAAAAANNPRRRQQ -39.919972 0.108785327286818 168 -39.919972 0
169 AAAAAAANNPRRRQQQ -37.502952 0.116782190311449 169 -37.502952 0
170 AAAAAANNPRRRQQQQ -35.085932 0.124933553083953 170 -35.085932 0
171 AAAAANNPRRRQQQQA -33.594832 0.125563946355865 171 -33.594832 0
172 AAAANNPRRRQQQQAA -32.849282 0.12585780647261 172 -32.849282 0
173 AAANNPRRRQQQQAAA -32.849282 0.111277761474021 173 -32.849282 0
174 AANNPRRRQQQQAAAA -32.103732 0.120300069342632 174 -32.103732 0
175 ANNPRRRQQQQAAAAA -31.358182 0.100502485397066 188 -31.387232 1
176 NNPRRRQQQQAAAAAA -31.515262 0.11335838295291 169 -32.996152 1
177 NPRRRQQQQAAAAAAA -34.252592 0.101092485282915 168 -35.626222 1
178 PRRRQQQQAAAAAAAA -35.059132 0.103943072231484 167 -38.256292 1
179 RRRQQQQAAAAAAAAA -35.696512 0.0450118314971455 456 -42.893562 1
180 RRQQQQAAAAAAAAAN -33.660902 0.111702199488883 166 -38.453072 1
181 RQQQQAAAAAAAAANA -31.618112 0.108515214123724 165 -36.849742 1
182 QQQQAAAAAAAAANAR -31.341702 0.104436831748404 162 -34.930422 0
183 QQQAAAAAAAAANARR -33.486052 0.10920487782217 164 -35.584612 0
184 QQAAAAAAAAANARRR -36.015302 0.0455252041115575 456 -41.967262 0
185 QAAAAAAAAANARRRA -36.546322 0.106026473834136 167 -37.829572 0
186 AAAAAAAAANARRRAA -38.217792 0.104121777840005 168 -38.635812 0
187 AAAAAAAANARRRAAA -39.708892 0.103512963770984 187 -39.708892 0
188 AAAAAAANARRRAAAA -40.454442 0.104722080132515 188 -40.454442 0
189 AAAAAANARRRAAAAA -39.708892 0.0973544857696491 189 -39.708892 0
190 AAAAANARRRAAAAAA -39.708892 0.0953308651552548 190 -39.708892 0
191 AAAANARRRAAAAAAA -39.708892 0.0975533056410412 191 -39.708892 0
192 AAANARRRAAAAAAAA -38.523652 0.0997571641347663 192 -38.523652 0
193 AANARRRAAAAAAAAA -36.592862 0.10525366410624 188 -38.481742 1
194 ANARRRAAAAAAAAAP -35.955482 0.102988215040648 187 -36.036992 1
195 NARRRAAAAAAAAAPS -35.935762 0.0867106776075374 195 -35.935762 0
196 ARRRAAAAAAAAAPSR -38.672802 0.0950503364891055 196 -38.672802 0
197 RRRAAAAAAAAAPSRD -43.119882 0.0959916392057523 197 -43.119882 0
198 RRAAAAAAAAAPSRDD -45.026642 0.0926129509070581 198 -45.026642 0
199 RAAAAAAAAAPSRDDD -45.874482 0.0552023954415909 458 -47.946092 0
200 AAAAAAAAAPSRDDDD -46.609802 0.0596909380528442 459 -56.478372 0
201 AAAAAAAAPSRDDDDD -49.343352 0.0674550071996224 460 -57.979362 0
202 AAAAAAAPSRDDDDDD -56.962122 0.080109812778666 461 -59.480352 0
203 AAAAAAPSRDDDDDDD -57.809672 0.0950944182329662 462 -61.073452 0
204 AAAAAPSRDDDDDDDD -58.657222 0.0899317700356766 509 -62.962432 0
205 AAAAPSRDDDDDDDDA -58.657222 0.0767557378016538 510 -59.406662 0
206 AAAPSRDDDDDDDDAA -58.657222 0.132014958181465 206 -58.657222 0
207 AAPSRDDDDDDDDAAA -58.657222 0.128837156905361 207 -58.657222 0
208 APSRDDDDDDDDAAAA -60.588012 0.121690885641704 208 -60.588012 0
209 PSRDDDDDDDDAAAAA -62.518802 0.125789244392263 209 -62.518802 0
210 SRDDDDDDDDAAAAAA -65.086972 0.124780921971149 210 -65.086972 0
211 RDDDDDDDDAAAAAAA -67.037482 0.114037672280704 211 -67.037482 0
212 DDDDDDDDAAAAAAAA -67.037772 0.102267578707795 212 -67.037772 0
213 DDDDDDDAAAAAAAAA -64.633772 0.100577959872607 213 -64.633772 0
214 DDDDDDAAAAAAAAAA -62.891192 0.103328063272357 214 -62.891192 0
215 DDDDDAAAAAAAAAAA -62.043642 0.108016658877477 215 -62.043642 0
216 DDDDAAAAAAAAAAAA -59.265302 0.107663435695336 216 -59.265302 0
217 DDDAAAAAAAAAAAAN -55.680422 0.103138897969919 217 -55.680422 0
218 DDAAAAAAAAAAAAND -50.130942 0.103335027310737 218 -50.130942 0
219 DAAAAAAAAAAAANDE -50.988842 0.100531531757538 219 -50.988842 0
220 AAAAAAAAAAAANDEE -51.994702 0.0995700278457469 216 -53.034112 1
221 AAAAAAAAAAANDEEA -51.249152 0.101018794070213 216 -52.425222 1
222 AAAAAAAAAANDEEAA -51.249152 0.0909945599162477 215 -51.504622 1
223 AAAAAAAAANDEEAAA -50.063912 0.0649693818730712 223 -50.063912 0
224 AAAAAAAANDEEAAAR -51.738492 0.0645536688451041 224 -51.738492 0
225 AAAAAAANDEEAAARR -54.282512 0.0626008115568023 225 -54.282512 0
226 AAAAAANDEEAAARRD -55.974482 0.0669403256224307 226 -55.974482 0
227 AAAAANDEEAAARRDD -56.942362 0.0799966236649969 227 -56.942362 0
228 AAAANDEEAAARRDDD -63.815582 0.0923898963199148 228 -63.815582 0
229 AAANDEEAAARRDDDD -64.663132 0.0949867868017065 229 -64.663132 0
230 AANDEEAAARRDDDDD -65.510682 0.0914349613886143 230 -65.510682 0
231 ANDEEAAARRDDDDDA -65.510682 0.0834935901946249 231 -65.510682 0
232 NDEEAAARRDDDDDAD -68.289022 0.100859052230496 232 -68.289022 0
233 DEEAAARRDDDDDADD -71.873902 0.105135338107717 233 -71.873902 0
234 EEAAARRDDDDDADDD -71.397712 0.0984765335300618 234 -71.397712 0
235 EAAARRDDDDDADDDD -70.539812 0.108930187669961 235 -70.539812 0
236 AAARRDDDDDADDDDD -69.533952 0.103864229593244 508 -74.582582 0
237 AARRDDDDDADDDDDD -71.872602 0.10042378915409 509 -76.927992 0
238 ARRDDDDDADDDDDDA -71.494142 0.0847971444515323 510 -73.372222 0
239 RRDDDDDADDDDDDAA -72.300922 0.124877230972348 239 -72.300922 0
240 RDDDDDADDDDDDAAA -69.502332 0.128277697044902 240 -69.502332 0
241 DDDDDADDDDDDAAAA -66.212762 0.0845897436365097 509 -68.751112 1
242 DDDDADDDDDDAAAAR -63.931592 0.116870513270091 242 -63.931592 0
243 DDDADDDDDDAAAARD -64.953812 0.101432581016479 243 -64.953812 0
244 DDADDDDDDAAAARDD -59.823172 0.101426681846542 244 -59.823172 0
245 DADDDDDDAAAARDDD -59.823172 0.104717298017625 245 -59.823172 0
246 ADDDDDDAAAARDDDA -57.686612 0.0970892955218163 246 -57.686612 0
247 DDDDDDAAAARDDDAA -55.494972 0.0845963581953994 247 -55.494972 0
248 DDDDDAAAARDDDAAW -53.904442 0.12427715410868 470 -56.951122 0
249 DDDDAAAARDDDAAWW -52.313912 0.119760046712127 471 -62.187132 0
250 DDDAAAARDDDAAWWW -49.809482 0.128442639254188 472 -57.054202 0
251 DDAAAARDDDAAWWWA -47.672922 0.0912524570851217 251 -47.672922 0
252 DAAAARDDDAAWWWAA -46.171932 0.0853925806440915 252 -46.171932 0
253 AAAARDDDAAWWWAAD -46.292262 0.0977332669712635 253 -46.292262 0
254 AAARDDDAAWWWAADD -49.279182 0.112217621587926 254 -49.279182 0
255 AARDDDAAWWWAADDD -52.807192 0.11329745421216 255 -52.807192 0
256 ARDDDAAWWWAADDDR -53.229482 0.135232561533575 256 -53.229482 0
257 RDDDAAWWWAADDDRA -52.089032 0.135232561533575 256 -53.229482 1
258 DDDAAWWWAADDDRAE -53.884242 0.127599968565864 258 -53.884242 0
259 DDAAWWWAADDDRAED -53.659952 0.113147512285944 259 -53.659952 0
260 DAAWWWAADDDRAEDD -54.330692 0.116769699732967 260 -54.330692 0
261 AAWWWAADDDRAEDDR -54.639432 0.141508548422275 261 -54.639432 0
262 AWWWAADDDRAEDDRR -61.936182 0.160441152346566 262 -61.936182 0
263 WWWAADDDRAEDDRRR -63.685972 0.194070557899409 263 -63.685972 0
264 WWAADDDRAEDDRRRR -70.324172 0.226773781325594 264 -70.324172 0
265 WAADDDRAEDDRRRRR -70.902972 0.248020065683257 265 -70.902972 0
266 AADDDRAEDDRRRRRR -72.508192 0.274911005138238 266 -72.508192 0
267 ADDDRAEDDRRRRRRR -73.745542 0.316494811683292 267 -73.745542 0
268 DDDRAEDDRRRRRRRR -74.347322 0.353806152071998 268 -74.347322 0
269 DDRAEDDRRRRRRRRR -73.051372 0.467433168929058 269 -73.051372 0
270 DRAEDDRRRRRRRRRS -68.867402 0.473861390878737 270 -68.867402 0
373 DRRDDDAAADDDDDDD -73.731822 0.0648155261064816 373 -73.731822 0
374 RRDDDAAADDDDDDDD -72.836792 0.0818706919798315 374 -72.836792 0
375 RDDDAAADDDDDDDDA -70.804072 0.101776072311351 375 -70.804072 0
376 DDDAAADDDDDDDDAA -67.109802 0.100744729878305 376 -67.109802 0
377 DDAAADDDDDDDDAAA -63.688542 0.10754079854403 377 -63.688542 0
378 DAAADDDDDDDDAAAD -62.934342 0.111091137998822 378 -62.934342 0
379 AAADDDDDDDDAAADD -62.934342 0.10754079854403 377 -63.688542 1
380 AADDDDDDDDAAADDD -63.781892 0.100744729878305 376 -67.109802 1
381 ADDDDDDDDAAADDDA -62.753732 0.0674822996372739 510 -65.353282 1
382 DDDDDDDDAAADDDAA -61.725572 0.0807695738220461 509 -68.909052 1
383 DDDDDDDAAADDDAAA -58.355182 0.0844936363874324 508 -66.563642 1
384 DDDDDDAAADDDAAAA -57.507632 0.0753327560466217 509 -62.277412 1
385 DDDDDAAADDDAAAAA -56.660082 0.0695125447234743 508 -59.932002 1
386 DDDDAAADDDAAAAAA -55.066982 0.0846865115758699 386 -55.066982 0
387 DDDAAADDDAAAAAAA -53.473882 0.0794475700323726 387 -53.473882 0
388 DDAAADDDAAAAAAAA -45.855112 0.0866972468927523 212 -55.940952 0
389 DAAADDDAAAAAAAAA -45.007562 0.0862763082480223 213 -53.536952 0
390 AAADDDAAAAAAAAAA -44.160012 0.0837700887003469 214 -51.794372 0
391 AADDDAAAAAAAAAAD -45.661002 0.0931159716557569 215 -49.467642 0
392 ADDDAAAAAAAAAADD -48.286002 0.0807974913282513 394 -48.936592 1
393 DDDAAAAAAAAAADDD -50.911002 0.0852735714285252 393 -50.911002 0
394 DDAAAAAAAAAADDDA -48.936592 0.0807974913282513 394 -48.936592 0
395 DAAAAAAAAAADDDAA -46.146592 0.0931159716557569 215 -49.467642 1
396 AAAAAAAAAADDDAAA -42.611042 0.0837700887003469 214 -51.794372 1
397 AAAAAAAAADDDAAAA -43.142842 0.0789206685015373 213 -47.216942 1
398 AAAAAAAADDDAAAAA -44.328082 0.075819349871903 401 -46.258872 1
399 AAAAAAADDDAAAAAA -46.258872 0.082657082644678 400 -46.258872 1
400 AAAAAADDDAAAAAAA -46.258872 0.082657082644678 400 -46.258872 0
401 AAAAADDDAAAAAAAA -46.258872 0.075819349871903 401 -46.258872 0
402 AAAADDDAAAAAAAAA -47.004422 0.0789206685015373 213 -47.216942 0
403 AAADDDAAAAAAAAAA -47.749972 0.0837700887003469 214 -51.794372 0
404 AADDDAAAAAAAAAAA -47.355072 0.0946747358617576 215 -54.645762 0
405 ADDDAAAAAAAAAAAS -45.404562 0.103175473237568 216 -54.326302 0
406 DDDAAAAAAAAAAASD -47.574952 0.106939434156207 217 -52.475762 0
455 AAAAAAAALAAANNRR -43.237782 0.0339266530390967 455 -43.237782 0
456 AAAAAAALAAANNRRR -48.328162 0.0481079030842768 456 -48.328162 0
457 AAAAAALAAANNRRRD -56.749852 0.0667135444866763 457 -56.749852 0
458 AAAAALAAANNRRRDD -63.623072 0.0821831267367001 458 -63.623072 0
459 AAAALAAANNRRRDDD -65.124062 0.0991649227537104 459 -65.124062 0
460 AAALAAANNRRRDDDD -66.625052 0.112069741357759 460 -66.625052 0
461 AALAAANNRRRDDDDD -68.126042 0.121791398212176 461 -68.126042 0
462 ALAAANNRRRDDDDDD -69.719142 0.126648577849627 462 -69.719142 0
463 LAAANNRRRDDDDDDA -69.842772 0.143733327850405 463 -69.842772 0
464 AAANNRRRDDDDDDAR -74.825702 0.192278567298249 464 -74.825702 0
465 AANNRRRDDDDDDARD -78.885302 0.194103323406805 465 -78.885302 0
466 ANNRRRDDDDDDARDD -81.751892 0.188073024423322 466 -81.751892 0
467 NNRRRDDDDDDARDDD -83.502072 0.16137549843901 467 -83.502072 0
468 NRRRDDDDDDARDDDA -84.308612 0.172421836656765 468 -84.308612 0
469 RRRDDDDDDARDDDAD -87.777632 0.200775057347882 469 -87.777632 0
470 RRDDDDDDARDDDADD -86.280662 0.198968137163177 470 -86.280662 0
471 RDDDDDDARDDDADDD -87.406012 0.17570150604385 471 -87.406012 0
472 DDDDDDARDDDADDDD -83.816622 0.166132560601369 472 -83.816622 0
473 DDDDDARDDDADDDDD -76.895922 0.171999039695468 473 -76.895922 0
474 DDDDARDDDADDDDDK -68.678362 0.180805201051741 474 -68.678362 0
475 DDDARDDDADDDDDKD -69.573392 0.183838341308497 475 -69.573392 0
476 DDARDDDADDDDDKDD -70.468422 0.181565189475716 476 -70.468422 0
477 DARDDDADDDDDKDDD -70.468422 0.0909721527708427 510 -70.703642 0
478 ARDDDADDDDDKDDDA -68.331862 0.167976762634194 478 -68.331862 0
479 RDDDADDDDDKDDDAD -71.314412 0.182148484908304 479 -71.314412 0
480 DDDADDDDDKDDDADD -70.137512 0.171323651701358 480 -70.137512 0
481 DDADDDDDKDDDADDD -69.358342 0.172119257117866 481 -69.358342 0
482 DADDDDDKDDDADDDD -68.463312 0.0899283941705435 509 -72.011392 0
483 ADDDDDKDDDADDDDD -68.463312 0.0869413193611938 510 -75.086682 0
484 DDDDDKDDDADDDDDD -71.241652 0.0891118800753577 510 -76.171912 1
485 DDDDKDDDADDDDDDA -70.509962 0.0885199588777766 509 -73.440042 1
486 DDDKDDDADDDDDDAK -68.433932 0.155150454383201 486 -68.433932 0
487 DDKDDDADDDDDDAKD -63.303292 0.0847467968289861 510 -63.764382 0
488 DKDDDADDDDDDAKDD -64.198322 0.148452868019639 488 -64.198322 0
489 KDDDADDDDDDAKDDD -64.198322 0.140221565017472 489 -64.198322 0
490 DDDADDDDDDAKDDDA -64.253652 0.135092118498955 490 -64.253652 0
491 DDADDDDDDAKDDDAA -61.222062 0.118983718460409 491 -61.222062 0
492 DADDDDDDAKDDDAAA -57.537032 0.0756002810792873 510 -66.558562 1
493 ADDDDDDAKDDDAAAA -56.036042 0.0744253850435091 509 -63.826692 1
494 DDDDDDAKDDDAAAAA -55.445202 0.0830737288394129 508 -68.271552 1
495 DDDDDAKDDDAAAAAW -52.189402 0.0899944296199639 507 -56.793382 1
496 DDDDAKDDDAAAAAWR -50.439502 0.0993409706340423 496 -50.439502 0
497 DDDAKDDDAAAAAWRR -50.153452 0.0736592728024762 374 -52.220842 1
498 DDAKDDDAAAAAWRRD -51.296002 0.0534251891092895 373 -53.115872 1
499 DAKDDDAAAAAWRRDE -51.654462 0.101615505037508 499 -51.654462 0
500 AKDDDAAAAAWRRDED -52.378552 0.11054356342855 500 -52.378552 0
501 KDDDAAAAAWRRDEDR -52.166812 0.137539522297578 501 -52.166812 0
502 DDDAAAAAWRRDEDRD -55.753532 0.151308564798073 502 -55.753532 0
503 DDAAAAAWRRDEDRDD -56.190662 0.160549680981081 503 -56.190662 0
504 DAAAAAWRRDEDRDDD -56.852082 0.158526533636645 504 -56.852082 0
505 AAAAAWRRDEDRDDDD -58.408532 0.123459203901484 509 -59.549552 0
506 AAAAWRRDEDRDDDDD -67.465792 0.135958925110383 506 -67.465792 0
507 AAAWRRDEDRDDDDDD -76.352112 0.130464158275167 507 -76.352112 0
508 AAWRRDEDRDDDDDDD -85.891872 0.12402982512403 508 -85.891872 0
509 AWRRDEDRDDDDDDDD -88.237282 0.119982111122805 509 -88.237282 0
510 WRRDEDRDDDDDDDDD -90.969152 0.112459832237058 510 -90.969152 0

510 WRRDEDRDDDDDDDDD -90.969152 0.112459832237058 510 -90.969152 0
270 DRAEDDRRRRRRRRRS -68.867402 0.473861390878737 270 -68.867402 0