potential =  KK_new_pot.txt
original sequence =  FUS.txt

2 AARRRQSSAA -25.538715 0.042866718219899 2 -25.538715 0
3 ARRRQSSAAS -25.254905 0.0572606578610562 3 -25.254905 0
4 RRRQSSAASQ -24.356615 0.071425489894922 462 -28.036625 1
5 RRQSSAASQK -21.797475 0.0570205681010609 462 -22.481465 1
6 RQSSAASQKA -17.100485 0.0361837173563933 461 -17.298975 1
7 QSSAASQKAA -12.478235 0.0568423174058577 164 -17.788335 0
8 SSAASQKAAA -12.642365 0.0559743870385931 221 -19.713855 0
9 SAASQKAAAQ -11.934065 0.0600047992035215 166 -19.231935 1
10 AASQKAAAQA -11.471635 0.0545235311097277 221 -20.794385 1
11 ASQKAAAQAA -10.818195 0.0551174062561108 220 -20.676305 0
12 SQKAAAQAAA -10.783805 0.0619103897372504 164 -21.680295 0
13 QKAAAQAAAA -11.143285 0.0579743701098203 223 -24.810885 1
14 KAAAQAAAAA -12.549305 0.0624684017223722 222 -27.026215 1
15 AAAQAAAAAP -12.591935 0.0624845177797224 222 -27.163875 0
16 AAQAAAAAPK -11.911925 0.0633849527039447 222 -25.065895 0
17 AQAAAAAPKQ -11.296245 0.0599897707787463 223 -22.850565 0
18 QAAAAAPKQS -11.811885 0.0589021115210546 163 -19.776875 1
19 AAAAAPKQSS -12.343815 0.0585070692220676 163 -20.597165 1
20 AAAAPKQSSQ -12.612115 0.0563215072082254 162 -18.174255 1
21 AAAPKQSSQQ -12.880415 0.0561910255456939 163 -16.043585 1
22 AAPKQSSQQQ -12.340305 0.0519529077183051 163 -13.934335 1
23 APKQSSQQQQ -11.398365 0.0450683463407857 79 -12.015945 0
24 PKQSSQQQQA -9.954585 0.0462154648767692 83 -11.643165 1
25 KQSSQQQQAP -9.954585 0.0446866103712826 180 -11.836695 0
26 QSSQQQQAPS -10.614875 0.0431815478188796 103 -11.724585 1
27 SSQQQQAPSS -11.092755 0.0401677371566844 102 -12.521315 1
28 SQQQQAPSSQ -10.614875 0.0398355214671359 101 -11.909685 1
29 QQQQAPSSQQ -10.474195 0.0433799385398871 87 -11.499835 0
30 QQQAPSSQQK -10.008035 0.0337996259583929 5 -11.897885 1
31 QQAPSSQQKK -9.541875 0.0401759596513361 5 -13.207145 1
32 QAPSSQQKKK -9.265075 0.0421647427016714 4 -14.247675 1
33 APSSQQKKKQ -9.454435 0.0316758859667459 3 -14.235095 1
34 PSSQQKKKQQ -9.894025 0.0265672306989984 2 -13.785155 1
35 SSQQKKKQQS -10.308825 0.0202332054805737 2 -12.567135 1
36 SQQKKKQQSR -12.132935 0.06333137538723 276 -12.341015 1
37 QQKKKQQSRR -13.723975 0.108248668928893 276 -21.954045 1
38 QKKKQQSRRR -16.144045 0.159771745944885 276 -24.319645 1
39 KKKQQSRRRA -16.988715 0.157515307617992 276 -25.464895 1
40 KKQQSRRRAK -16.988715 0.210637207078861 275 -26.474875 1
41 KQQSRRRAKA -17.668725 0.217148127296928 274 -23.551405 1
42 QQSRRRAKAP -17.711355 0.093800224681707 465 -21.648415 1
43 QSRRRAKAPA -18.371825 0.104055888767344 464 -23.646395 1
44 SRRRAKAPAQ -18.371825 0.0813601090919271 463 -25.851925 1
45 RRRAKAPAQQ -18.315925 0.0838182152742291 462 -28.242095 1
46 RRAKAPAQQQ -16.233055 0.0615229899126628 461 -20.921775 1
47 RAKAPAQQQQ -14.501335 0.043377971868366 47 -14.501335 0
48 AKAPAQQQQQ -12.418465 0.0551261452204 162 -16.640775 1
49 KAPAQQQQQK -11.172265 0.0499008214237958 161 -13.551165 1
50 APAQQQQQKP -11.214895 0.0490750995592248 160 -14.161035 1
51 PAQQQQQKPA -11.259685 0.0430116406573454 179 -11.666795 1
52 AQQQQQKPAS -11.759265 0.0386761861235827 52 -11.759265 0
53 QQQQQKPASS -11.362255 0.0496929007889707 161 -12.247375 0
54 QQQQKPASSS -11.400255 0.0487858044161941 162 -12.770835 0
55 QQQKPASSSA -12.087845 0.0529554334096708 163 -15.193745 0
56 QQKPASSSAA -11.747275 0.0571287904240574 164 -17.214825 0
57 QKPASSSAAA -12.025755 0.0529861177614772 223 -19.561965 1
58 KPASSSAAAA -11.685185 0.0574262040773515 222 -21.777295 1
59 PASSSAAAAA -12.536485 0.0585992133233364 222 -23.875275 1
60 ASSSAAAAAS -12.951285 0.0623939032956026 166 -23.997045 0
61 SSSAAAAASS -12.683915 0.0669858381849133 166 -22.387865 0
62 SSAAAAASSA -12.734465 0.0644584664753877 221 -24.577785 0
63 SAAAAASSAA -12.604535 0.0642136713439198 166 -26.233695 1
64 AAAAASSAAA -12.917285 0.0620576690666444 221 -27.796145 0
65 AAAASSAAAP -11.870795 0.0630599535606627 222 -26.111925 0
66 AAASSAAAPA -12.489845 0.0620556186128293 221 -26.096945 1
67 AASSAAAPAK -11.809835 0.0608994891601928 222 -24.013945 0
68 ASSAAAPAKA -12.995075 0.0622435252827349 221 -22.858775 1
69 SSAAAPAKAA -13.389975 0.063296130784453 221 -23.411535 0
70 SAAAPAKAAA -14.924295 0.0656596754971836 166 -25.067445 1
71 AAAPAKAAAA -15.146875 0.0647866520121438 221 -26.629895 0
72 AAPAKAAAAA -15.234125 0.064670593920209 221 -26.629895 0
73 APAKAAAAAK -15.036265 0.0646025574873882 222 -24.808015 0
74 PAKAAAAAKA -15.339055 0.0693525815023502 221 -23.652845 1
75 AKAAAAAKAQ -15.762585 0.0717364341739018 165 -23.311125 1
76 KAAAAAKAQQ -15.548735 0.0676875719579897 164 -21.503685 1
77 AAAAAKAQQQ -16.014895 0.0628468036277713 163 -23.161835 1
78 AAAAKAQQQQ -15.234855 0.0611885137454072 163 -21.024005 1
79 AAAKAQQQQQ -14.454815 0.057450409384857 162 -18.601095 1
80 AAKAQQQQQQ -12.929225 0.0551138413863173 161 -15.840985 1
81 AKAQQQQQQQ -12.650745 0.0514845561757946 160 -13.080875 1
82 KAQQQQQQQK -11.970735 0.0537704243048105 82 -11.970735 0
83 AQQQQQQQKP -12.013365 0.0531552727305164 115 -12.173995 0
84 QQQQQQQKPS -11.553955 0.0539072051249822 84 -11.553955 0
85 QQQQQQKPSS -11.630005 0.0489248797068572 85 -11.630005 0
86 QQQQQKPSSQ -11.630005 0.0483816871638542 86 -11.630005 0
87 QQQQKPSSQQ -11.565375 0.0491120564187266 87 -11.565375 0
88 QQQKPSSQQQ -11.311385 0.0476203147747811 88 -11.311385 0
89 QQKPSSQQQA -10.871795 0.0439881011363467 106 -10.959195 1
90 QKPSSQQQAA -10.432205 0.0292580593206757 396 -12.354695 0
91 KPSSQQQAAA -10.710685 0.0434556162281843 180 -14.745085 0
92 PSSQQQAAAP -10.753315 0.0510265731112223 161 -15.790195 0
93 SSQQQAAAPS -11.370975 0.0527553130558685 162 -16.622905 0
94 SQQQAAAPSS -10.978655 0.0564341447546042 163 -17.746535 0
95 QQQAAAPSSA -11.253355 0.0592670688456932 163 -20.407445 0
96 QQAAAPSSAA -12.091115 0.0616131951168223 164 -22.428525 0
97 QAAAPSSAAA -12.901395 0.0637673475906606 165 -24.235965 0
98 AAAPSSAAAQ -13.303225 0.064636960130954 165 -24.235965 1
99 AAPSSAAAQQ -13.878125 0.0619677606569868 164 -22.428525 1
100 APSSAAAQQQ -14.453025 0.0591660485053633 163 -20.407445 1
101 PSSAAAQQQA -15.019215 0.0545072749826145 163 -17.896965 1
102 SSAAAQQQAA -16.096285 0.0502775110476659 221 -18.787035 0
103 SAAAQQQAAK -15.435995 0.0493633763605333 222 -18.574335 0
104 AAAQQQAAKK -15.168025 0.0456700405528694 223 -18.042635 0
105 AAQQQAAKKK -14.351115 0.0346626622741939 396 -17.408115 1
106 AQQQAAKKKA -14.166895 0.0341513231688914 395 -14.556725 1
107 QQQAAKKKAQ -13.758445 0.0456651110570971 107 -13.758445 0
108 QQAAKKKAQQ -13.610605 0.0451663442212542 108 -13.610605 0
109 QAAKKKAQQQ -13.475295 0.0417247277189888 77 -13.558915 0
110 AAKKKAQQQQ -13.339985 0.0424071149581093 78 -13.961575 0
111 AKKKAQQQQQ -12.897145 0.0448735208103187 79 -13.181535 0
112 KKKAQQQQQQ -12.178975 0.0519250196066778 112 -12.178975 0
113 KKAQQQQQQK -12.178975 0.0537262016260631 113 -12.178975 0
114 KAQQQQQQKP -12.221605 0.0512626109162309 114 -12.221605 0
115 AQQQQQQKPA -13.038515 0.0494127899093524 115 -13.038515 0
116 QQQQQQKPAS -12.186785 0.0442896483637826 116 -12.186785 0
117 QQQQQKPASQ -11.660225 0.042781751705851 77 -11.773985 1
118 QQQQKPASQA -11.918865 0.0507380794400018 162 -13.822785 0
119 QQQKPASQAA -12.572405 0.0546688752810836 163 -16.245695 0
120 QQKPASQAAK -12.106245 0.0566275702787331 164 -14.587545 0
121 QKPASQAAKQ -11.704415 0.0513213647783165 186 -13.750795 1
122 KPASQAAKQQ -11.367215 0.0580914045004052 164 -14.587545 1
123 PASQAAKQQS -11.909425 0.0546204816309789 163 -15.722615 1
124 ASQAAKQQSS -12.134765 0.0529374940790086 162 -14.322655 1
125 SQAAKQQSSQ -11.594655 0.0405212460852747 77 -11.902765 0
126 QAAKQQSSQQ -11.538855 0.0429371132263139 78 -12.054565 0
127 AAKQQSSQQK -11.262055 0.0446145626291203 180 -12.569745 1
128 AKQQSSQQKA -11.217265 0.0311533054762744 128 -11.217265 0
129 KQQSSQQKAA -11.567915 0.0446145626291203 180 -12.569745 0
130 QQSSQQKAAS -12.228205 0.0505999265126884 163 -12.345905 0
131 QSSQQKAASS -12.630035 0.0511944941995352 162 -12.821265 0
132 SSQQKAASSS -13.107915 0.0504206420512335 162 -13.270705 0
133 SQQKAASSSQ -12.630035 0.0486518600849791 163 -13.209635 0
134 QQKAASSSQK -12.362065 0.0374423111039667 134 -12.362065 0
135 QKAASSSQKP -12.127895 0.0444928638930488 223 -12.461385 1
136 KAASSSQKPS -12.576015 0.0475745858594591 222 -13.067535 1
137 AASSSQKPSS -13.379375 0.0357368272449301 202 -13.641555 0
138 ASSSQKPSSS -13.241575 0.0335018438336717 138 -13.241575 0
139 SSSQKPSSSQ -11.835555 0.0415271676916793 139 -11.835555 0
140 SSQKPSSSQQ -11.363155 0.0452915877716562 140 -11.363155 0
141 SQKPSSSQQQ -10.558325 0.0337765563712285 4 -10.806265 0
142 QKPSSSQQQA -10.417405 0.0356478067980374 5 -11.288975 0
143 KPSSSQQQAA -10.516545 0.0412404054580105 179 -13.095215 0
144 PSSSQQQAAA -11.333455 0.0492138965558327 160 -14.651385 0
145 SSSQQQAAAP -11.333455 0.0520858461249936 161 -15.760425 0
146 SSQQQAAAPA -11.353175 0.0553874164921836 162 -18.859555 0
147 SQQQAAAPAP -10.592445 0.0588976688269719 163 -20.259515 0
148 QQQAAAPAPS -10.710525 0.0604454324470121 163 -20.683775 0
149 QQAAAPAPSS -11.235135 0.0627273606908839 164 -20.468205 0
150 QAAAPAPSSS -11.636185 0.0611897063072057 166 -20.175225 0
151 AAAPAPSSSN -11.597635 0.0613517381075395 165 -20.475445 1
152 AAPAPSSSNN -11.156325 0.0592804535360525 164 -18.024745 1
153 APAPSSSNNQ -11.180745 0.0578584525119962 164 -16.163925 1
154 PAPSSSNNQQ -10.953555 0.0540262360020787 163 -14.142845 1
155 APSSSNNQQQ -11.714285 0.0518022852786077 162 -13.680255 1
156 PSSSNNQQQA -12.153975 0.0453298191982181 157 -12.158675 0
157 SSSNNQQQAA -13.976595 0.0459048871881649 158 -14.395795 0
158 SSNNQQQAAA -15.927105 0.0498823730005703 159 -16.417655 0
159 SNNQQQAAAA -17.948965 0.0551788462097137 161 -18.619225 0
160 NNQQQAAAAA -19.970825 0.0578439087874984 162 -21.718355 0
161 NQQQAAAAAA -22.621645 0.0615961989248881 163 -24.369955 0
162 QQQAAAAAAA -25.272465 0.0633851882902308 163 -26.841065 0
163 QQAAAAAAAA -27.695375 0.0684232663534585 164 -28.862145 0
164 QAAAAAAAAA -29.716455 0.0712646467401095 165 -30.669585 0
165 AAAAAAAAAA -31.523895 0.070092318132293 221 -32.269445 0
166 AAAAAAAAAA -32.112365 0.070092318132293 221 -32.269445 0
167 AAAAAAAAAN -30.120585 0.0714601328507784 166 -30.489175 0
168 AAAAAAAANN -27.383255 0.0704144572034821 165 -28.601955 1
169 AAAAAAANNP -24.815085 0.063367041883844 220 -26.071475 1
170 AAAAAANNPR -24.113365 0.0624729092729296 170 -24.113365 0
171 AAAAANNPRR -24.113075 0.0476341374027427 462 -25.396285 0
172 AAAANNPRRR -24.225305 0.0674241048509819 462 -29.190165 0
173 AAANNPRRRQ -22.080665 0.0722859062108204 463 -25.880045 0
174 AANNPRRRQQ -19.663645 0.10683953620853 464 -23.618105 0
175 ANNPRRRQQQ -17.246625 0.0982995539601313 465 -21.620125 0
176 NNPRRRQQQQ -15.732235 0.187160866066661 274 -21.857375 0
177 NPRRRQQQQA -16.978465 0.13333474411355 275 -22.781545 0
178 PRRRQQQQAA -18.970245 0.0863589354240311 276 -25.129795 0
179 RRRQQQQAAA -21.538415 0.0680083154494451 462 -25.996545 1
180 RRQQQQAAAA -21.494585 0.0470136162219609 462 -22.927455 1
181 RQQQQAAAAA -20.749325 0.0586728302184116 162 -21.132365 0
182 QQQQAAAAAA -19.891545 0.0617690876164803 163 -24.703235 0
183 QQQAAAAAAA -22.036185 0.0633851882902308 163 -26.841065 0
184 QQAAAAAAAA -22.522415 0.0684232663534585 164 -28.862145 0
185 QAAAAAAAAA -23.008645 0.0712646467401095 165 -30.669585 0
186 AAAAAAAAAN -22.688335 0.0714601328507784 166 -30.489175 0
187 AAAAAAAANA -22.136355 0.0676231304045519 221 -30.392835 1
188 AAAAAAANAR -22.717725 0.0746335700902855 167 -25.765205 0
189 AAAAAANARR -22.717435 0.0491656464653307 461 -25.728405 0
190 AAAAANARRR -23.575215 0.0613791101548518 462 -30.910895 0
191 AAAANARRRA -22.434765 0.0655069986825019 196 -25.665965 1
192 AAANARRRAA -22.434765 0.0347301242545519 2 -23.585925 1
193 AANARRRAAA -22.434765 0.0657122031593724 465 -22.593635 0
194 ANARRRAAAA -24.365555 0.0840805788059693 194 -24.365555 0
195 NARRRAAAAA -25.550795 0.0745138571642829 195 -25.550795 0
196 ARRRAAAAAA -27.542575 0.0644650884012358 196 -27.542575 0
197 RRRAAAAAAA -28.840105 0.0577330707003214 462 -30.814805 1
198 RRAAAAAAAA -27.073495 0.0645243972365289 198 -27.073495 0
199 RAAAAAAAAA -25.142995 0.0764232861924695 167 -28.473095 1
200 AAAAAAAAAP -22.462595 0.0679504650151732 222 -30.585225 0
201 AAAAAAAAPS -22.398085 0.0681778986207852 221 -28.961065 1
202 AAAAAAAPSR -23.143345 0.0739181478239856 167 -25.107405 0
203 AAAAAAPSRD -25.547345 0.0362194849739201 463 -25.576315 0
204 AAAAAPSRDD -27.289925 0.0442325418786816 464 -35.627965 0
205 AAAAPSRDDD -28.883025 0.0546583266828077 464 -42.659775 0
206 AAAPSRDDDD -30.476125 0.0699858077773303 465 -45.940205 0
207 AAPSRDDDDD -32.069225 0.089638450664846 466 -47.911765 0
208 APSRDDDDDD -40.873235 0.0931584601113241 514 -51.977645 0
209 PSRDDDDDDD -43.651575 0.103920683147735 514 -58.239445 0
210 SRDDDDDDDD -47.067295 0.100687714284978 515 -63.704675 0
211 RDDDDDDDDA -48.272255 0.0886962060088147 516 -61.998115 0
212 DDDDDDDDAA -47.526995 0.081376044261006 515 -60.298275 1
213 DDDDDDDAAA -44.377445 0.0790144053017106 514 -55.009365 1
214 DDDDDDAAAA -42.634865 0.0656568500985397 514 -47.013255 1
215 DDDDDAAAAA -41.787315 0.0666227863703697 215 -41.787315 0
216 DDDDAAAAAA -40.939765 0.0630037613294697 216 -40.939765 0
217 DDDAAAAAAA -40.092215 0.0609687662508409 217 -40.092215 0
218 DDAAAAAAAA -33.218995 0.0610705719861518 217 -36.393275 0
219 DAAAAAAAAA -32.371445 0.0595798319714173 217 -32.694335 0
220 AAAAAAAAAA -31.523895 0.070092318132293 221 -32.269445 0
221 AAAAAAAAAA -32.269445 0.070092318132293 221 -32.269445 0
222 AAAAAAAAAA -31.084205 0.070092318132293 221 -32.269445 0
223 AAAAAAAAAN -29.092425 0.0714601328507784 166 -30.489175 0
224 AAAAAAAAND -30.416165 0.0574785294523565 217 -31.426615 1
225 AAAAAAANDE -32.121615 0.0587602391050845 217 -34.149965 1
226 AAAAAANDEE -33.975025 0.058906611782381 217 -36.951075 1
227 AAAAANDEEA -32.483925 0.053186286277159 216 -34.099685 1
228 AAAANDEEAA -31.738375 0.0425266209392173 228 -31.738375 0
229 AAANDEEAAA -29.807585 0.0366016983847765 229 -29.807585 0
230 AANDEEAAAR -31.482165 0.0458896981716055 230 -31.482165 0
231 ANDEEAAARR -34.026185 0.0558715742828485 231 -34.026185 0
232 NDEEAAARRD -37.648945 0.0618599810808086 232 -37.648945 0
233 DEEAAARRDD -41.354155 0.071666223947445 233 -41.354155 0
234 EEAAARRDDD -46.903635 0.0665625056965866 234 -46.903635 0
235 EAAARRDDDD -46.045735 0.0863899567120516 465 -48.321855 0
236 AAARRDDDDD -45.039875 0.101907919275905 466 -54.141785 0
237 AARRDDDDDA -46.530975 0.11441723420522 467 -52.193025 0
238 ARRDDDDDAD -48.124075 0.125510248776531 468 -55.873995 0
239 RRDDDDDADD -50.902415 0.118077051867272 469 -53.413435 0
240 RDDDDDADDD -50.075385 0.0929458811708591 515 -53.862715 1
241 DDDDDADDDD -48.378915 0.102246951550074 514 -57.356505 1
242 DDDDADDDDD -47.534495 0.102246951550074 514 -57.356505 0
243 DDDADDDDDD -47.414165 0.105574848207097 513 -60.110665 0
244 DDADDDDDDA -39.416935 0.0715563031452012 516 -50.946145 0
245 DADDDDDDAA -37.445375 0.0663899270294208 516 -50.808775 1
246 ADDDDDDAAA -35.473815 0.0614401782930104 515 -45.511895 1
247 DDDDDDAAAA -34.728265 0.0656568500985397 514 -47.013255 1
248 DDDDDAAAAR -33.291515 0.0773062048309637 471 -42.362055 0
249 DDDDAAAARD -34.434065 0.0750564527533683 471 -45.257595 0
250 DDDAAAARDD -35.329095 0.0770315053765707 472 -44.362565 0
251 DDAAAARDDD -35.329095 0.0508344135618655 234 -41.175645 0
252 DAAAARDDDA -33.192535 0.0516556503268262 465 -38.369535 0
253 AAAARDDDAA -30.153345 0.0649669040826622 466 -40.858415 0
254 AAARDDDAAW -30.534375 0.0700354967682991 467 -39.265725 0
255 AARDDDAAWW -30.915405 0.0879956037387839 468 -39.603825 0
256 ARDDDAAWWW -30.382535 0.102162435467521 469 -37.042075 0
257 RDDDAAWWWA -29.839075 0.101348069973825 470 -37.042075 0
258 DDDAAWWWAA -29.774835 0.0652733605545015 514 -30.744355 1
259 DDAAWWWAAD -28.752615 0.0676528927745747 260 -28.872945 1
260 DAAWWWAADD -28.872945 0.0676528927745747 260 -28.872945 0
261 AAWWWAADDD -30.429395 0.0652733605545015 514 -30.744355 0
262 AWWWAADDDR -31.016685 0.101348069973825 470 -37.042075 1
263 WWWAADDDRA -31.322325 0.102162435467521 469 -37.042075 1
264 WWAADDDRAE -33.271315 0.0980867195817195 468 -37.912225 1
265 WAADDDRAED -35.780105 0.054974797887054 265 -35.780105 0
266 AADDDRAEDD -39.850305 0.0820443942519144 514 -40.310785 0
267 ADDDRAEDDR -42.295605 0.0723923837357414 267 -42.295605 0
268 DDDRAEDDRR -48.956785 0.0969261225168878 268 -48.956785 0
269 DDRAEDDRRR -47.547055 0.135308892616476 269 -47.547055 0
270 DRAEDDRRRR -51.579365 0.188871562172601 270 -51.579365 0
271 RAEDDRRRRR -49.011185 0.280994360004256 271 -49.011185 0
272 AEDDRRRRRR -49.661245 0.282067872271894 272 -49.661245 0
273 EDDRRRRRRR -51.495585 0.322093823016037 273 -51.495585 0
274 DDRRRRRRRR -50.237915 0.439627596263112 274 -50.237915 0
275 DRRRRRRRRR -48.144035 0.55085660233418 275 -48.144035 0
276 RRRRRRRRRS -43.409655 0.652797870717415 276 -43.409655 0
373 DRRDDDAAAD -42.364525 0.10647902041857 468 -46.607605 0
374 RRDDDAAADD -41.469495 0.0923078484004651 469 -46.015555 0
375 RDDDAAADDD -40.937765 0.077346542641007 240 -42.677505 0
376 DDDAAADDDD -39.868495 0.0876543974378617 513 -44.634135 0
377 DDAAADDDDD -39.072235 0.0740793377783813 514 -50.241345 0
378 DAAADDDDDD -44.505855 0.0753747253926699 514 -51.705265 0
379 AAADDDDDDD -44.505855 0.0790144053017105 514 -55.009365 0
380 AADDDDDDDD -45.353405 0.081376044261006 515 -60.298275 0
381 ADDDDDDDDA -45.602595 0.0787090889399582 516 -59.307515 0
382 DDDDDDDDAA -44.727775 0.081376044261006 515 -60.298275 1
383 DDDDDDDAAA -41.510725 0.0790144053017106 514 -55.009365 1
384 DDDDDDAAAD -41.348575 0.0753747253926699 514 -51.705265 1
385 DDDDDAAADD -41.348575 0.0740793377783813 514 -50.241345 1
386 DDDDAAADDD -41.348575 0.0876543974378617 513 -44.634135 1
387 DDDAAADDDA -38.570235 0.0553650461771749 387 -38.570235 0
388 DDAAADDDAA -29.766225 0.0639943019798987 212 -36.430175 0
389 DAAADDDAAA -26.987885 0.0448978818176297 468 -33.390675 1
390 AAADDDAAAA -26.140335 0.0524416182187004 214 -31.538045 0
391 AADDDAAAAA -26.793775 0.053031996722967 215 -34.389435 0
392 ADDDAAAAAA -27.825675 0.0555070498080434 216 -37.240825 0
393 DDDAAAAAAA -28.857575 0.0609687662508409 217 -40.092215 0
394 DDAAAAAAAA -27.426625 0.0610705719861518 217 -36.393275 0
395 DAAAAAAAAA -26.579075 0.0595798319714173 217 -32.694335 0
396 AAAAAAAAAA -25.731525 0.070092318132293 221 -32.269445 0
397 AAAAAAAAAD -28.509865 0.0595798319714173 217 -32.694335 1
398 AAAAAAAADD -31.288205 0.0610705719861518 217 -36.393275 1
399 AAAAAAADDD -34.066545 0.0609687662508409 217 -40.092215 1
400 AAAAAADDDA -32.777535 0.0555070498080434 216 -37.240825 1
401 AAAAADDDAA -30.835085 0.053031996722967 215 -34.389435 1
402 AAAADDDAAA -28.892635 0.0524416182187004 214 -31.538045 1
403 AAADDDAAAA -28.239195 0.0524416182187004 214 -31.538045 0
404 AADDDAAAAA -28.239195 0.053031996722967 215 -34.389435 0
405 ADDDAAAAAA -28.239195 0.0555070498080434 216 -37.240825 0
406 DDDAAAAAAA -28.239195 0.0609687662508409 217 -40.092215 0
407 DDAAAAAAAA -27.391645 0.0610705719861518 217 -36.393275 0
408 DAAAAAAAAA -26.544095 0.0595798319714173 217 -32.694335 0
409 AAAAAAAAAA -25.696545 0.070092318132293 221 -32.269445 0
410 AAAAAAAAAA -25.845105 0.070092318132293 221 -32.269445 0
411 AAAAAAAAAS -25.837045 0.0704782942925601 166 -30.706995 0
412 AAAAAAAASD -30.695435 0.058142517637689 217 -32.017185 1
455 AAAAAAAALA -22.506225 0.0690139985338848 221 -29.908905 1
456 AAAAAAALAA -22.035655 0.067243982844131 221 -29.340275 0
457 AAAAAALAAA -21.786465 0.0658452902188901 221 -29.340275 0
458 AAAAALAAAN -19.049135 0.0691306710034954 166 -27.560005 0
459 AAAALAAANN -16.965245 0.0683692009105293 165 -25.672785 1
460 AAALAAANNR -19.847345 0.0722164973620383 167 -21.212845 0
461 AALAAANNRR -26.248655 0.0534520623495444 461 -26.248655 0
462 ALAAANNRRR -31.431145 0.0700670503258238 462 -31.431145 0
463 LAAANNRRRD -41.253815 0.105551569924546 463 -41.253815 0
464 AAANNRRRDD -50.881305 0.131017255852244 464 -50.881305 0
465 AANNRRRDDD -54.161735 0.127946659140114 465 -54.161735 0
466 ANNRRRDDDD -56.133295 0.135888540695377 466 -56.133295 0
467 NNRRRDDDDD -57.883475 0.139077412658615 467 -57.883475 0
468 NRRRDDDDDD -61.468355 0.153442281796502 468 -61.468355 0
469 RRRDDDDDDA -62.274895 0.151258361641869 469 -62.274895 0
470 RRDDDDDDAR -62.274895 0.156532176102834 470 -62.274895 0
471 RDDDDDDARD -58.153745 0.122496129363502 471 -58.153745 0
472 DDDDDDARDD -55.459385 0.10204840387716 514 -60.412365 1
473 DDDDDARDDD -48.538685 0.114781510993545 513 -54.805155 1
474 DDDDARDDDA -39.734675 0.0965569310141859 515 -46.878795 1
475 DDDARDDDAD -39.618815 0.0891610724386772 515 -46.701055 1
476 DDARDDDADD -39.502955 0.10947437884424 513 -48.662885 0
477 DARDDDADDD -45.528625 0.0964344734496043 514 -54.270095 0
478 ARDDDADDDD -45.528625 0.0885211362670036 515 -54.866995 0
479 RDDDADDDDD -48.306965 0.0896700585238489 516 -60.163875 0
480 DDDADDDDDK -44.733965 0.0834245796757671 515 -51.882905 0
481 DDADDDDDKD -44.849825 0.0899171291495966 515 -52.280345 1
482 DADDDDDKDD -44.849825 0.0885884447008836 515 -52.530835 0
483 ADDDDDKDDD -44.849825 0.0942043228659059 514 -54.122725 0
484 DDDDDKDDDA -45.491605 0.0820365610953546 516 -59.572965 1
485 DDDDKDDDAD -45.811675 0.0920128953942779 515 -60.292585 1
486 DDDKDDDADD -46.131745 0.0972366694347799 514 -59.695685 1
487 DDKDDDADDD -40.106075 0.0976468216319664 514 -58.455125 0
488 DKDDDADDDD -40.106075 0.0916302830024535 515 -59.052025 0
489 KDDDADDDDD -40.106075 0.0823168597920123 516 -58.332405 0
490 DDDADDDDDD -42.297965 0.105574848207097 513 -60.110665 0
491 DDADDDDDDA -40.555385 0.0715563031452012 516 -50.946145 0
492 DADDDDDDAK -37.468465 0.0732445806316548 516 -51.667905 1
493 ADDDDDDAKD -38.363495 0.0780293216488896 515 -52.387525 1
494 DDDDDDAKDD -41.395085 0.0915128828946639 514 -58.580895 1
495 DDDDDAKDDD -41.190875 0.103431993592994 513 -52.973685 1
496 DDDDAKDDDA -38.850105 0.0860919994487388 515 -45.273255 1
497 DDDAKDDDAA -36.713545 0.0725547029290175 514 -39.984345 1
498 DDAKDDDAAA -33.923545 0.0697172024221347 379 -34.209465 1
499 DAKDDDAAAA -32.422555 0.0358485780652286 499 -32.422555 0
500 AKDDDAAAAA -29.695155 0.0511723493111553 469 -35.036995 0
501 KDDDAAAAAW -27.491115 0.0590026887399587 470 -33.625135 0
502 DDDAAAAAWR -28.137315 0.0549910249577526 471 -33.552315 0
503 DDAAAAAWRR -26.956235 0.0541207408846628 374 -31.149935 1
504 DAAAAAWRRD -27.203755 0.0559497788080516 463 -32.096545 0
505 AAAAAWRRDE -27.562215 0.0862601497268004 464 -42.416185 0
506 AAAAWRRDED -30.422865 0.0956198289202004 464 -45.962845 0
507 AAAWRRDEDR -31.500135 0.103967558061858 465 -38.530625 0
508 AAWRRDEDRD -35.684965 0.11112521479255 516 -41.486855 0
509 AWRRDEDRDD -38.518115 0.146446941099797 514 -43.067755 0
510 WRRDEDRDDD -42.801965 0.154255481263407 514 -54.826565 0
511 RRDEDRDDDD -47.410005 0.127103610784467 515 -58.765585 0
512 RDEDRDDDDD -55.876395 0.107215511683571 516 -62.885765 0
513 DEDRDDDDDD -62.912205 0.123625815488664 513 -62.912205 0
514 EDRDDDDDDD -68.519415 0.113862299442865 514 -68.519415 0
515 DRDDDDDDDD -69.005375 0.103554404996105 515 -69.005375 0
516 RDDDDDDDDD -68.285755 0.0936040665167587 516 -68.285755 0

515 DRDDDDDDDD -69.005375 0.103554404996105 515 -69.005375 0
276 RRRRRRRRRS -43.409655 0.652797870717415 276 -43.409655 0