potential =  KK_new_pot.txt
original sequence =  FUS.txt

1 VAQNRRASSAASQRAA -18.183914 0.0553710778978521 1 -18.183914 0
2 AQNRRASSAASQRAAR -19.675454 0.0736110611594843 2 -19.675454 0
3 QNRRASSAASQRAARA -19.022014 0.0686912741329033 3 -19.022014 0
4 NRRASSAASQRAARAA -19.005444 0.0580973071695984 4 -19.005444 0
5 RRASSAASQRAARAAS -19.123524 0.0672554530593179 5 -19.123524 0
6 RASSAASQRAARAASA -14.170454 0.0549354892393423 6 -14.170454 0
7 ASSAASQRAARAASAA -13.390034 0.0773492785135463 172 -14.896914 1
8 SSAASQRAARAASAAS -13.406604 0.0840897471716757 171 -14.151364 1
9 SAASQRAARAASAASA -14.009084 0.0758488635928835 170 -15.014994 1
10 AASQRAARAASAASAR -15.391984 0.0548058108666392 10 -15.391984 0
11 ASQRAARAASAASARQ -14.789504 0.0553223782544103 11 -14.789504 0
12 SQRAARAASAASARQS -14.806074 0.0431287625009818 12 -14.806074 0
13 QRAARAASAASARQSS -14.806074 0.0468092975783925 13 -14.806074 0
14 RAARAASAASARQSSQ -14.806074 0.0474808402248972 14 -14.806074 0
15 AARAASAASARQSSQQ -13.423174 0.0416905228222952 15 -13.423174 0
16 ARAASAASARQSSQQS -12.820694 0.0424471341139214 16 -12.820694 0
17 RAASAASARQSSQQSA -12.167254 0.0474941411037573 17 -12.167254 0
18 AASAASARQSSQQSAR -12.167254 0.0416536626148151 225 -12.904034 0
19 ASAASARQSSQQSARA -12.820694 0.0436349300590989 19 -12.820694 0
20 SAASARQSSQQSARAS -12.837264 0.0426929541978576 20 -12.837264 0
21 AASARQSSQQSARASS -12.837264 0.047418017055193 21 -12.837264 0
22 ASARQSSQQSARASSQ -12.888224 0.0588562770402934 34 -13.143664 1
23 SARQSSQQSARASSQR -13.668644 0.0733989867756937 31 -14.778314 0
24 ARQSSQQSARASSQRQ -13.668644 0.0614323456008385 32 -14.576424 0
25 RQSSQQSARASSQRQA -13.668644 0.0541470476335683 270 -16.250144 0
26 QSSQQSARASSQRQAR -13.668644 0.0866090883028639 38 -13.714504 1
27 SSQQSARASSQRQARQ -13.668644 0.086695878072031 37 -13.714504 1
28 SQQSARASSQRQARQS -13.668644 0.0712289226816374 36 -13.714504 1
29 QQSARASSQRQARQSQ -13.668644 0.0813845190373032 29 -13.668644 0
30 QSARASSQRQARQSQA -13.652074 0.0813072573962821 34 -14.524684 1
31 SARASSQRQARQSQAR -18.554184 0.0980761904378459 31 -18.554184 0
32 ARASSQRQARQSQARA -18.537614 0.074073084278014 32 -18.537614 0
33 RASSQRQARQSQARAQ -18.588574 0.106125222169169 33 -18.588574 0
34 ASSQRQARQSQARAQA -17.808154 0.0749830019793733 34 -17.808154 0
35 SSQRQARQSQARAQAR -18.588574 0.104640701149709 35 -18.588574 0
36 SQRQARQSQARAQARA -19.191054 0.068125389672054 36 -19.191054 0
37 QRQARQSQARAQARAS -19.191054 0.102829876300486 37 -19.191054 0
38 RQARQSQARAQARASQ -19.191054 0.0958159003588335 38 -19.191054 0
39 QARQSQARAQARASQQ -17.808154 0.0975028454301267 39 -17.808154 0
40 ARQSQARAQARASQQR -19.191054 0.096433983516394 40 -19.191054 0
41 RQSQARAQARASQQRQ -18.588574 0.0999257792977025 41 -18.588574 0
42 QSQARAQARASQQRQQ -17.205674 0.0919037330541303 42 -17.205674 0
43 SQARAQARASQQRQQR -18.588574 0.0917674205488527 43 -18.588574 0
44 QARAQARASQQRQQRA -19.191054 0.10069025680531 44 -19.191054 0
45 ARAQARASQQRQQRAS -19.191054 0.0832269569203124 45 -19.191054 0
46 RAQARASQQRQQRASQ -19.207624 0.089383831892378 46 -19.207624 0
47 AQARASQQRQQRASQS -14.305514 0.0825238469236621 34 -14.843534 1
48 QARASQQRQQRASQSN -14.204004 0.0791175038095491 48 -14.204004 0
49 ARASQQRQQRASQSNA -14.187434 0.065634335874058 49 -14.187434 0
50 RASQQRQQRASQSNAA -14.187434 0.0655266261905944 50 -14.187434 0
51 ASQQRQQRASQSNAAR -14.187434 0.0695476774230889 51 -14.187434 0
52 SQQRQQRASQSNAARA -14.187434 0.0680840810623747 52 -14.187434 0
53 QQRQQRASQSNAARAA -14.170864 0.047323561440897 53 -14.170864 0
54 QRQQRASQSNAARAAS -14.170864 0.0529612860540686 54 -14.170864 0
55 RQQRASQSNAARAASQ -14.170864 0.0506009800627782 55 -14.170864 0
56 QQRASQSNAARAASQA -12.771394 0.054928584669679 36 -12.889294 0
57 QRASQSNAARAASQAA -12.720434 0.0434823271025732 57 -12.720434 0
58 RASQSNAARAASQAAS -12.720434 0.047737212658137 58 -12.720434 0
59 ASQSNAARAASQAASA -11.940014 0.0728295658680261 172 -12.752584 1
60 SQSNAARAASQAASAR -12.720434 0.0504869262435792 60 -12.720434 0
61 QSNAARAASQAASARA -13.322914 0.0561898868096248 61 -13.322914 0
62 SNAARAASQAASARAQ -13.322914 0.0546211623954341 62 -13.322914 0
63 NAARAASQAASARAQA -13.306344 0.0506802875499284 63 -13.306344 0
64 AARAASQAASARAQAA -14.026904 0.0519729853919053 64 -14.026904 0
65 ARAASQAASARAQAAA -14.645954 0.0570137519560925 65 -14.645954 0
66 RAASQAASARAQAAAR -15.426374 0.0560523226200397 66 -15.426374 0
67 AASQAASARAQAAARA -14.645954 0.057671366940089 67 -14.645954 0
68 ASQAASARAQAAARAQ -14.043474 0.0631975634520595 68 -14.043474 0
69 SQAASARAQAAARAQQ -14.060044 0.0648276163300132 69 -14.060044 0
70 QAASARAQAAARAQQS -14.060044 0.0642114076208679 70 -14.060044 0
71 AASARAQAAARAQQSQ -14.060044 0.0651633315531838 71 -14.060044 0
72 ASARAQAAARAQQSQQ -14.076614 0.0694335554845245 72 -14.076614 0
73 SARAQAAARAQQSQQS -14.127574 0.0677412471178832 73 -14.127574 0
74 ARAQAAARAQQSQQSQ -14.127574 0.0685457211510827 74 -14.127574 0
75 RAQAAARAQQSQQSQQ -13.525094 0.0696718375008479 75 -13.525094 0
76 AQAAARAQQSQQSQQR -13.525094 0.0630338195656314 76 -13.525094 0
77 QAAARAQQSQQSQQRA -13.525094 0.0653248534049705 77 -13.525094 0
78 AAARAQQSQQSQQRAS -13.525094 0.0618593848564854 78 -13.525094 0
79 AARAQQSQQSQQRASS -13.541664 0.0618718805467626 79 -13.541664 0
80 ARAQQSQQSQQRASSQ -12.939184 0.0690770718454754 80 -12.939184 0
81 RAQQSQQSQQRASSQQ -12.336704 0.0704270769467312 81 -12.336704 0
82 AQQSQQSQQRASSQQR -12.336704 0.0681566794600976 82 -12.336704 0
83 QQSQQSQQRASSQQRA -11.683264 0.0674580587459879 83 -11.683264 0
84 QSQQSQQRASSQQRAA -12.285744 0.0687426361092639 84 -12.285744 0
85 SQQSQQRASSQQRAAR -13.668644 0.0643626046974983 85 -13.668644 0
86 QQSQQRASSQQRAARA -14.271124 0.0627576507654319 86 -14.271124 0
87 QSQQRASSQQRAARAS -14.271124 0.0620709397413889 87 -14.271124 0
88 SQQRASSQQRAARASS -14.271124 0.0615770753295233 88 -14.271124 0
89 QQRASSQQRAARASSA -14.220164 0.0648615832244294 89 -14.220164 0
90 QRASSQQRAARASSAA -14.822644 0.0660548232233346 90 -14.822644 0
91 RASSQQRAARASSAAA -14.771684 0.0464208153137612 91 -14.771684 0
92 ASSQQRAARASSAAAQ -13.388784 0.0778592171675318 170 -14.257914 1
93 SSQQRAARASSAAAQQ -12.786304 0.0788830202226575 169 -13.863014 1
94 SQQRAARASSAAAQQA -12.769734 0.0764628152651659 168 -14.864804 1
95 QQRAARASSAAAQQAQ -12.769734 0.0716056845411622 167 -14.587984 1
96 QRAARASSAAAQQAQA -13.372214 0.077860998617281 166 -15.190464 1
97 RAARASSAAAQQAQAQ -13.372214 0.0759468161337441 165 -15.527664 1
98 AARASSAAAQQAQAQR -13.372214 0.0567205620191495 98 -13.372214 0
99 ARASSAAAQQAQAQRA -14.025654 0.0609086720378425 99 -14.025654 0
100 RASSAAAQQAQAQRAQ -13.423174 0.0592731328164455 100 -13.423174 0
101 ASSAAAQQAQAQRAQQ -12.040274 0.070803977844681 168 -13.341224 0
102 SSAAAQQAQAQRAQQQ -11.437794 0.0719333497908789 169 -12.129164 0
103 SAAAQQAQAQRAQQQS -11.437794 0.0707797837749772 170 -12.011084 0
104 AAAQQAQAQRAQQQSQ -11.437794 0.0777155526484223 171 -12.154154 0
105 AAQQAQAQRAQQQSQQ -11.488754 0.0717106319990654 105 -11.488754 0
106 AQQAQAQRAQQQSQQQ -10.886274 0.0698655386294341 106 -10.886274 0
107 QQAQAQRAQQQSQQQR -12.320134 0.0721562047116417 107 -12.320134 0
108 QAQAQRAQQQSQQQRA -12.922614 0.0729040165973722 108 -12.922614 0
109 AQAQRAQQQSQQQRAS -12.922614 0.0672778862613456 109 -12.922614 0
110 QAQRAQQQSQQQRASA -12.888224 0.0758346703494008 110 -12.888224 0
111 AQRAQQQSQQQRASAS -12.888224 0.0622746452286998 111 -12.888224 0
112 QRAQQQSQQQRASASQ -12.285744 0.0665407430504321 112 -12.285744 0
113 RAQQQSQQQRASASQA -12.888224 0.0637964173594187 113 -12.888224 0
114 AQQQSQQQRASASQAQ -11.505324 0.0642960773318696 114 -11.505324 0
115 QQQSQQQRASASQAQR -12.285744 0.0399740714590772 270 -12.557354 1
116 QQSQQQRASASQAQRQ -12.285744 0.0601679679833033 116 -12.285744 0
117 QSQQQRASASQAQRQS -12.285744 0.0619959639566097 117 -12.285744 0
118 SQQQRASASQAQRQSS -12.285744 0.0549675906489556 118 -12.285744 0
119 QQQRASASQAQRQSSA -12.234784 0.0624960460884484 34 -13.637384 1
120 QQRASASQAQRQSSAQ -12.234784 0.059742175918822 33 -13.773524 1
121 QRASASQAQRQSSAQR -13.617684 0.0471656064770265 121 -13.617684 0
122 RASASQAQRQSSAQRA -14.220164 0.0514535492629727 122 -14.220164 0
123 ASASQAQRQSSAQRAA -13.439744 0.0514720783672787 123 -13.439744 0
124 SASQAQRQSSAQRAAS -12.837264 0.0567828309959125 124 -12.837264 0
125 ASQAQRQSSAQRAASS -12.837264 0.0551433848663459 125 -12.837264 0
126 SQAQRQSSAQRAASSS -12.888224 0.0591022035037199 126 -12.888224 0
127 QAQRQSSAQRAASSSQ -12.888224 0.0632587126111735 127 -12.888224 0
128 AQRQSSAQRAASSSQR -14.271124 0.0553946456508258 268 -15.441164 0
129 QRQSSAQRAASSSQRA -14.271124 0.0586841332909327 269 -15.191974 0
130 RQSSAQRAASSSQRAS -14.271124 0.0480385746085599 270 -16.525034 0
131 QSSAQRAASSSQRASS -12.888224 0.0601929327789581 131 -12.888224 0
132 SSAQRAASSSQRASSS -12.888224 0.0609175155233683 132 -12.888224 0
133 SAQRAASSSQRASSSQ -12.888224 0.0346202181495665 271 -13.025974 1
134 AQRAASSSQRASSSQR -14.271124 0.0489600048274006 270 -18.012864 1
135 QRAASSSQRASSSQRN -14.204004 0.0650714087857298 269 -16.601644 1
136 RAASSSQRASSSQRNA -14.153044 0.0586178100317114 268 -16.764324 1
137 AASSSQRASSSQRNAA -12.719184 0.0539291487014826 137 -12.719184 0
138 ASSSQRASSSQRNAAS -12.116704 0.0455742872812154 266 -12.464694 1
139 SSSQRASSSQRNAASA -12.116704 0.0546747531317056 139 -12.116704 0
140 SSQRASSSQRNAASAR -13.499604 0.064573008264833 140 -13.499604 0
141 SQRASSSQRNAASARA -14.102084 0.0631532283752961 141 -14.102084 0
142 QRASSSQRNAASARAS -14.102084 0.0567264337060446 142 -14.102084 0
143 RASSSQRNAASARASS -14.102084 0.0572892188191888 143 -14.102084 0
144 ASSSQRNAASARASSN -12.601104 0.0583369709460685 144 -12.601104 0
145 SSSQRNAASARASSNS -11.998624 0.0448335690028153 266 -12.672984 0
146 SSQRNAASARASSNSR -13.381524 0.0553841598249373 146 -13.381524 0
147 SQRNAASARASSNSRN -13.263444 0.05788500666834 147 -13.263444 0
148 QRNAASARASSNSRNQ -13.263444 0.0609007992810878 148 -13.263444 0
149 RNAASARASSNSRNQQ -13.263444 0.0542803749728918 149 -13.263444 0
150 NAASARASSNSRNQQQ -11.880544 0.0580326818364281 150 -11.880544 0
151 AASARASSNSRNQQQA -12.601104 0.0647794356713634 151 -12.601104 0
152 ASARASSNSRNQQQAA -13.254544 0.06158233878996 152 -13.254544 0
153 SARASSNSRNQQQAAA -13.907984 0.0581693482959842 153 -13.907984 0
154 ARASSNSRNQQQAAAA -14.510464 0.0637919635237857 154 -14.510464 0
155 RASSNSRNQQQAAAAA -14.510464 0.0668042455125818 155 -14.510464 0
156 ASSNSRNQQQAAAAAA -13.730044 0.0774436501077623 188 -14.872224 1
157 SSNSRNQQQAAAAAAA -13.730044 0.0834960051861497 169 -15.243454 1
158 SNSRNQQQAAAAAAAA -14.332524 0.0813359573705407 168 -16.245244 1
159 NSRNQQQAAAAAAAAA -14.935004 0.0847079706952116 167 -17.108874 1
160 SRNQQQAAAAAAAAAA -15.655564 0.0947923579776424 166 -17.925774 1
161 RNQQQAAAAAAAAAAN -15.537484 0.0997536117489864 165 -17.711354 1
162 NQQQAAAAAAAAAANR -15.537484 0.0948725464154365 162 -15.537484 0
163 QQQAAAAAAAAAANRA -16.258044 0.0916709589551844 163 -16.258044 0
164 QQAAAAAAAAAANRAS -16.258044 0.0878663616948011 164 -16.258044 0
165 QAAAAAAAAAANRASR -21.160154 0.097741107145956 165 -21.160154 0
166 AAAAAAAAAANRASRS -21.160154 0.0916897633557855 166 -21.160154 0
167 AAAAAAAAANRASRSQ -20.557674 0.0832959872990187 167 -20.557674 0
168 AAAAAAAANRASRSQQ -19.955194 0.0881633268653462 168 -19.955194 0
169 AAAAAAANRASRSQQV -19.244074 0.0908929679118742 169 -19.244074 0
170 AAAAAANRASRSQQVQ -18.641594 0.0873067753598138 170 -18.641594 0
171 AAAAANRASRSQQVQQ -18.039114 0.0942032301266023 171 -18.039114 0
172 AAAANRASRSQQVQQA -18.039114 0.0867387026615179 172 -18.039114 0
173 AAANRASRSQQVQQAA -18.039114 0.084446809943639 173 -18.039114 0
174 AANRASRSQQVQQAAA -18.039114 0.0837214069239326 174 -18.039114 0
175 ANRASRSQQVQQAAAQ -17.436634 0.0732784750508639 175 -17.436634 0
176 NRASRSQQVQQAAAQA -17.436634 0.0749959100320981 176 -17.436634 0
177 RASRSQQVQQAAAQAA -18.157194 0.0735678512067351 177 -18.157194 0
178 ASRSQQVQQAAAQAAA -17.376774 0.0718756709880273 178 -17.376774 0
179 SRSQQVQQAAAQAAAR -18.157194 0.0816811919367013 179 -18.157194 0
180 RSQQVQQAAAQAAARA -18.759674 0.0728552385505928 180 -18.759674 0
181 SQQVQQAAAQAAARAN -13.739484 0.0746846104632091 181 -13.739484 0
182 QQVQQAAAQAAARANS -13.739484 0.070898661260554 182 -13.739484 0
183 QVQQAAAQAAARANSR -18.641594 0.0803512915691044 183 -18.641594 0
184 VQQAAAQAAARANSRS -18.641594 0.0751606099766071 184 -18.641594 0
185 QQAAAQAAARANSRSQ -18.750234 0.0830209092542213 185 -18.750234 0
186 QAAAQAAARANSRSQA -19.352714 0.0777231523470479 186 -19.352714 0
187 AAAQAAARANSRSQAA -19.955194 0.0822761231590688 187 -19.955194 0
188 AAQAAARANSRSQAAA -19.955194 0.0824245833123343 188 -19.955194 0
189 AQAAARANSRSQAAAA -19.955194 0.0784119754557389 189 -19.955194 0
190 QAAARANSRSQAAAAQ -19.352714 0.0794509803773032 190 -19.352714 0
191 AAARANSRSQAAAAQA -19.955194 0.0744371024430615 191 -19.955194 0
192 AARANSRSQAAAAQAA -19.955194 0.0834030215487142 192 -19.955194 0
193 ARANSRSQAAAAQAAR -20.735614 0.0814375976117434 193 -20.735614 0
194 RANSRSQAAAAQAARA -20.735614 0.0817200827593629 194 -20.735614 0
195 ANSRSQAAAAQAARAS -19.352714 0.0645343808538068 195 -19.352714 0
196 NSRSQAAAAQAARASS -18.750234 0.0615499935326435 196 -18.750234 0
197 SRSQAAAAQAARASSR -23.770424 0.0696929592526393 197 -23.770424 0
198 RSQAAAAQAARASSRD -28.672534 0.0738174337622651 198 -28.672534 0
199 SQAAAAQAARASSRDA -24.372904 0.0644165237640254 199 -24.372904 0
200 QAAAAQAARASSRDAA -24.975384 0.0502039729165841 200 -24.975384 0
201 AAAAQAARASSRDAAD -29.877494 0.0570794372156128 201 -29.877494 0
202 AAAQAARASSRDAADA -29.877494 0.0516198731918698 202 -29.877494 0
203 AAQAARASSRDAADAD -34.177124 0.0537377984294159 203 -34.177124 0
204 AQAARASSRDAADADA -34.177124 0.067965312711485 204 -34.177124 0
205 QAARASSRDAADADAA -34.177124 0.0723132574017334 205 -34.177124 0
206 AARASSRDAADADAAQ -34.177124 0.0798520302013803 206 -34.177124 0
207 ARASSRDAADADAAQA -34.177124 0.0718469240637765 207 -34.177124 0
208 RASSRDAADADAAQAA -34.177124 0.0709472218292142 208 -34.177124 0
209 ASSRDAADADAAQAAA -33.396704 0.0804782401951897 209 -33.396704 0
210 SSRDAADADAAQAAAA -33.396704 0.0781215496539562 210 -33.396704 0
211 SRDAADADAAQAAAAA -33.999184 0.0745344391338606 211 -33.999184 0
212 RDAADADAAQAAAAAA -34.601664 0.0709436429473873 212 -34.601664 0
213 DAADADAAQAAAAAAA -30.302034 0.0788602864627005 213 -30.302034 0
214 AADADAAQAAAAAAAA -26.002404 0.0752472332274516 214 -26.002404 0
215 ADADAAQAAAAAAAAA -26.002404 0.0820939789975732 215 -26.002404 0
216 DADAAQAAAAAAAAAA -26.002404 0.0871843302845441 216 -26.002404 0
217 ADAAQAAAAAAAAAAR -22.483194 0.0770841782548614 217 -22.483194 0
218 DAAQAAAAAAAAAARN -21.762634 0.08393084175244 218 -21.762634 0
219 AAQAAAAAAAAAARND -21.762634 0.0824479078565022 219 -21.762634 0
220 AQAAAAAAAAAARNDQ -21.160154 0.0776048697984946 220 -21.160154 0
221 QAAAAAAAAAARNDQQ -20.557674 0.0741451804791392 221 -20.557674 0
222 AAAAAAAAAARNDQQA -21.160154 0.0654802868702124 222 -21.160154 0
223 AAAAAAAAARNDQQAA -21.160154 0.0558566668245863 223 -21.160154 0
224 AAAAAAAARNDQQAAR -21.940574 0.0523154923719793 224 -21.940574 0
225 AAAAAAARNDQQAARR -25.686124 0.058234939407111 225 -25.686124 0
226 AAAAAARNDQQAARRA -25.032684 0.0488209093027051 226 -25.032684 0
227 AAAAARNDQQAARRAD -29.332314 0.051365399487803 227 -29.332314 0
228 AAAARNDQQAARRADA -29.332314 0.06246807723943 228 -29.332314 0
229 AAARNDQQAARRADAD -33.631944 0.0698136557149498 229 -33.631944 0
230 AARNDQQAARRADADA -33.631944 0.0723959637930091 230 -33.631944 0
231 ARNDQQAARRADADAA -33.631944 0.0633857522837596 231 -33.631944 0
232 RNDQQAARRADADAAA -33.631944 0.0665195213392175 232 -33.631944 0
233 NDQQAARRADADAAAD -37.151154 0.0650277985700393 233 -37.151154 0
234 DQQAARRADADAAADA -37.871714 0.0737361541383831 234 -37.871714 0
235 QQAARRADADAAADAA -33.572084 0.0666582636514494 235 -33.572084 0
236 QAARRADADAAADAAD -38.474194 0.0682478575080957 236 -38.474194 0
237 AARRADADAAADAADA -39.076674 0.0682455159332408 237 -39.076674 0
238 ARRADADAAADAADAA -39.076674 0.071711980654465 238 -39.076674 0
239 RRADADAAADAADAAV -38.365554 0.0779440384965875 239 -38.365554 0
240 RADADAAADAADAAVA -37.585134 0.0777157310895867 240 -37.585134 0
241 ADADAAADAADAAVAA -33.839584 0.0814205395608724 241 -33.839584 0
242 DADAAADAADAAVAAQ -33.890544 0.0748286480263261 242 -33.890544 0
243 ADAAADAADAAVAAQR -33.890544 0.073556716555243 243 -33.890544 0
244 DAAADAADAAVAAQRD -38.190174 0.071939095523196 244 -38.190174 0
245 AAADAADAAVAAQRDA -33.890544 0.0670707705911816 245 -33.890544 0
246 AADAADAAVAAQRDAA -33.890544 0.0572279549342257 246 -33.890544 0
247 ADAADAAVAAQRDAAR -33.821584 0.0692026771141139 247 -33.821584 0
248 DAADAAVAAQRDAARN -33.101024 0.0629849615734072 248 -33.101024 0
249 AADAAVAAQRDAARND -29.909874 0.066767781296175 249 -29.909874 0
250 ADAAVAAQRDAARNDR -29.840914 0.0682603051466666 250 -29.840914 0
251 DAAVAAQRDAARNDRA -29.840914 0.0768030466119904 251 -29.840914 0
252 AAVAAQRDAARNDRAA -25.541284 0.064759011878477 252 -25.541284 0
253 AVAAQRDAARNDRAAA -24.887844 0.081726632951603 253 -24.887844 0
254 VAAQRDAARNDRAAAD -29.187474 0.0882054929006211 254 -29.187474 0
255 AAQRDAARNDRAAADR -34.198224 0.111991893053868 255 -34.198224 0
256 AQRDAARNDRAAADRS -33.595744 0.141480006938524 256 -33.595744 0
257 QRDAARNDRAAADRSA -33.595744 0.122653366541187 257 -33.595744 0
258 RDAARNDRAAADRSAQ -33.595744 0.13819803993926 258 -33.595744 0
259 DAARNDRAAADRSAQD -33.595744 0.102259136793435 259 -33.595744 0
260 AARNDRAAADRSAQDH -28.644264 0.132582480291709 260 -28.644264 0
261 ARNDRAAADRSAQDHR -32.943894 0.141235777069299 261 -32.943894 0
262 RNDRAAADRSAQDHRQ -32.341414 0.15766101782655 262 -32.341414 0
263 NDRAAADRSAQDHRQR -36.155924 0.169241539330264 263 -36.155924 0
264 DRAAADRSAQDHRQRS -36.274004 0.138739655710452 264 -36.274004 0
265 RAAADRSAQDHRQRSR -39.465154 0.198379182467864 265 -39.465154 0
266 AAADRSAQDHRQRSRN -38.813554 0.137644255854457 266 -38.813554 0
267 AADRSAQDHRQRSRNQ -38.211074 0.133045889115522 267 -38.211074 0
268 ADRSAQDHRQRSRNQR -42.510704 0.168798451675271 268 -42.510704 0
269 DRSAQDHRQRSRNQRN -42.443584 0.180470966717009 269 -42.443584 0
270 RSAQDHRQRSRNQRNN -37.423394 0.186349926245123 270 -37.423394 0
271 SAQDHRQRSRNQRNNA -32.504714 0.134490231277483 271 -32.504714 0
372 DARRNDAAANADAADA -37.993694 0.0632779179154475 372 -37.993694 0
373 ARRNDAAANADAADAD -37.993694 0.0628591193393283 373 -37.993694 0
374 RRNDAAANADAADADA -37.993694 0.0521059047413652 374 -37.993694 0
375 RNDAAANADAADADAA -33.694064 0.0671800432451869 375 -33.694064 0
376 NDAAANADAADADAAA -33.109584 0.0751244768231828 376 -33.109584 0
377 DAAANADAADADAAAV -33.119024 0.0801362008242354 377 -33.119024 0
378 AAANADAADADAAAVA -28.819394 0.0688243634525971 378 -28.819394 0
379 AANADAADADAAAVAD -33.119024 0.0938690569681873 379 -33.119024 0
380 ANADAADADAAAVADA -33.119024 0.0904148934481644 380 -33.119024 0
381 NADAADADAAAVADAA -33.119024 0.0797611181570289 381 -33.119024 0
382 ADAADADAAAVADAAR -34.620004 0.0761957309866066 382 -34.620004 0
383 DAADADAAAVADAARA -34.620004 0.0895486669921147 383 -34.620004 0
384 AADADAAAVADAARAA -30.320374 0.0691082881694864 384 -30.320374 0
385 ADADAAAVADAARAAA -30.320374 0.067579620133449 385 -30.320374 0
386 DADAAAVADAARAAAA -30.320374 0.072564051638539 386 -30.320374 0
387 ADAAAVADAARAAAAQ -25.418264 0.0658641518604468 387 -25.418264 0
388 DAAAVADAARAAAAQA -25.418264 0.065840433445028 388 -25.418264 0
389 AAAVADAARAAAAQAA -21.118634 0.0597044835491476 389 -21.118634 0
390 AAVADAARAAAAQAAA -21.118634 0.0688062078028242 390 -21.118634 0
391 AVADAARAAAAQAAAA -21.118634 0.0675189528634067 391 -21.118634 0
392 VADAARAAAAQAAAAD -26.071704 0.0710876296201808 392 -26.071704 0
393 ADAARAAAAQAAAADA -26.782824 0.0701705672490032 393 -26.782824 0
394 DAARAAAAQAAAADAA -26.782824 0.0760471890242532 394 -26.782824 0
395 AARAAAAQAAAADAAR -22.414234 0.066196064566636 395 -22.414234 0
396 ARAAAAQAAAADAARA -21.760794 0.0807242200214873 396 -21.760794 0
397 RAAAAQAAAADAARAQ -21.158314 0.0589244817429772 397 -21.158314 0
398 AAAAQAAAADAARAQA -20.377894 0.0744192039577247 398 -20.377894 0
399 AAAQAAAADAARAQAA -20.377894 0.0733775385368633 399 -20.377894 0
400 AAQAAAADAARAQAAA -20.377894 0.0692018398550076 400 -20.377894 0
401 AQAAAADAARAQAAAA -20.377894 0.0691694231627487 401 -20.377894 0
402 QAAAADAARAQAAAAA -20.377894 0.0649726017214902 402 -20.377894 0
403 AAAADAARAQAAAAAA -20.980374 0.0627175971944792 403 -20.980374 0
404 AAADAARAQAAAAAAA -20.980374 0.0544642560038422 404 -20.980374 0
405 AADAARAQAAAAAAAS -20.377894 0.0501149378422112 405 -20.377894 0
406 ADAARAQAAAAAAASS -19.775414 0.0443763159682214 406 -19.775414 0
407 DAARAQAAAAAAASSD -24.075044 0.0412057750483189 407 -24.075044 0
454 AAAAAAAAQHVAANRA -14.793154 0.0838140971465255 166 -14.986654 0
455 AAAAAAAQHVAANRAR -19.092784 0.0356655049418888 455 -19.092784 0
456 AAAAAAQHVAANRARR -24.045854 0.0456412077837954 456 -24.045854 0
457 AAAAAQHVAANRARRD -28.345484 0.05601783383596 457 -28.345484 0
458 AAAAQHVAANRARRDD -32.645114 0.0694442197883096 458 -32.645114 0
459 AAAQHVAANRARRDDA -32.645114 0.0711495152540129 459 -32.645114 0
460 AAQHVAANRARRDDAA -33.298554 0.0696262296044964 460 -33.298554 0
461 AQHVAANRARRDDAAD -37.598184 0.0773206489036482 461 -37.598184 0
462 QHVAANRARRDDAADA -37.598184 0.0754831672544996 462 -37.598184 0
463 HVAANRARRDDAADAA -38.200664 0.0857091962877017 463 -38.200664 0
464 VAANRARRDDAADAAR -39.632934 0.101071301612309 464 -39.632934 0
465 AANRARRDDAADAARR -44.643684 0.120235219426498 465 -44.643684 0
466 ANRARRDDAADAARRD -48.943314 0.110732792013908 466 -48.943314 0
467 NRARRDDAADAARRDA -48.943314 0.0927842462999241 467 -48.943314 0
468 RARRDDAADAARRDAA -49.663874 0.11357204453298 468 -49.663874 0
469 ARRDDAADAARRDAAR -49.663874 0.111878714441423 469 -49.663874 0
470 RRDDAADAARRDAARD -53.963504 0.145709218442119 470 -53.963504 0
471 RDDAADAARRDAARDA -49.663874 0.107840812325472 471 -49.663874 0
472 DDAADAARRDAARDAD -49.663874 0.118680218766154 472 -49.663874 0
473 DAADAARRDAARDADA -45.364244 0.107667465282079 473 -45.364244 0
474 AADAARRDAARDADAA -41.064614 0.0973027251307708 474 -41.064614 0
475 ADAARRDAARDADAAR -45.364244 0.107287607928681 475 -45.364244 0
476 DAARRDAARDADAARD -49.663874 0.146922136864496 476 -49.663874 0
477 AARRDAARDADAARDA -45.364244 0.131223962671905 477 -45.364244 0
478 ARRDAARDADAARDAA -45.364244 0.1329732641992 478 -45.364244 0
479 RRDAARDADAARDAAR -45.295284 0.152869355877274 479 -45.295284 0
480 RDAARDADAARDAARD -48.814494 0.169569837548809 480 -48.814494 0
481 DAARDADAARDAARDA -44.514864 0.14200068470188 481 -44.514864 0
482 AARDADAARDAARDAA -40.215234 0.126002405214707 482 -40.215234 0
483 ARDADAARDAARDAAD -44.514864 0.124037127389651 483 -44.514864 0
484 RDADAARDAARDAADA -44.514864 0.12595194975305 484 -44.514864 0
485 DADAARDAARDAADAA -43.734444 0.102211606620536 485 -43.734444 0
486 ADAARDAARDAADAAA -39.434814 0.097183694038847 486 -39.434814 0
487 DAARDAARDAADAAAR -43.734444 0.103989470381545 487 -43.734444 0
488 AARDAARDAADAAARD -43.734444 0.105195926401919 488 -43.734444 0
489 ARDAARDAADAAARDA -43.734444 0.101100957293134 489 -43.734444 0
490 RDAARDAADAAARDAA -43.734444 0.105060926332065 490 -43.734444 0
491 DAARDAADAAARDAAR -39.365854 0.0905374989500517 491 -39.365854 0
492 AARDAADAAARDAARA -35.066224 0.0851954390607297 492 -35.066224 0
493 ARDAADAAARDAARAA -34.412784 0.0832350771488993 493 -34.412784 0
494 RDAADAAARDAARAAA -34.412784 0.0842892313545886 494 -34.412784 0
495 DAADAAARDAARAAAD -35.590224 0.0783392638598279 495 -35.590224 0
496 AADAAARDAARAAADV -30.579474 0.0804487336158053 496 -30.579474 0
497 ADAAARDAARAAADVR -34.879104 0.0790577594225281 497 -34.879104 0
498 DAAARDAARAAADVRQ -34.276624 0.0930117151589572 498 -34.276624 0
499 AAARDAARAAADVRQD -34.276624 0.0871367022218721 499 -34.276624 0
500 AARDAARAAADVRQDA -34.276624 0.0911262840831792 500 -34.276624 0
501 ARDAARAAADVRQDAR -38.022174 0.116132480885815 501 -38.022174 0
502 RDAARAAADVRQDARH -37.370324 0.134079343968671 502 -37.370324 0
503 DAARAAADVRQDARHD -37.370324 0.116720266296335 503 -37.370324 0
504 AARAAADVRQDARHDS -32.468214 0.112759259867416 504 -32.468214 0
505 ARAAADVRQDARHDSR -36.767844 0.13420522920713 505 -36.767844 0
506 RAAADVRQDARHDSRD -41.067474 0.172241248538683 506 -41.067474 0
507 AAADVRQDARHDSRDD -45.436064 0.141595591896387 507 -45.436064 0
508 AADVRQDARHDSRDDR -49.181614 0.167924668489918 508 -49.181614 0
509 ADVRQDARHDSRDDRD -54.134684 0.159304772475177 509 -54.134684 0
510 DVRQDARHDSRDDRDA -53.481244 0.154775902771091 510 -53.481244 0
511 VRQDARHDSRDDRDAR -53.153184 0.17176656185451 511 -53.153184 0

509 ADVRQDARHDSRDDRD -54.134684 0.159304772475177 509 -54.134684 0
265 RAAADRSAQDHRQRSR -39.465154 0.198379182467864 265 -39.465154 0