-2.53 -2.43 -1.74 -2.84 -2.99 -2.82 -2.33 -2.33 -2.14 -2.14 -2.31 -1.52 -2.12 -2.33 -1.42 -1.29 -1.71 -2.01 -1.79 -2.16
-2.43 -3.72 -2.65 -3.65 -3.59 -3.59 -3.72 -3.26 -2.30 -2.30 -2.59 -2.54 -2.56 -2.06 -1.43 -0.92 -2.85 -3.48 -2.01 -2.76
-1.74 -2.65 -2.97 -3.02 -2.58 -2.74 -3.52 -3.75 -1.59 -1.59 -1.98 -1.78 -2.15 -1.54 -1.61 -0.98 -2.38 -4.47 -1.67 -2.32
-2.84 -3.65 -3.02 -4.74 -3.96 -4.16 -2.97 -3.63 -2.73 -2.73 -2.91 -3.40 -2.87 -3.23 -0.89 -1.44 -2.92 -3.82 -2.32 -3.47
-2.99 -3.59 -2.58 -3.96 -3.56 -3.85 -2.96 -3.89 -2.84 -2.84 -2.76 -2.25 -2.76 -2.66 -1.08 -1.52 -3.42 -3.87 -2.03 -3.22
-2.82 -3.59 -2.74 -4.16 -3.85 -3.81 -2.46 -2.77 -2.94 -2.94 -2.82 -2.64 -2.81 -3.13 -1.31 -1.19 -2.79 -3.22 -2.33 -2.98
-2.33 -3.72 -3.52 -2.97 -2.96 -2.46 -3.96 -3.13 -1.68 -1.68 -2.05 -1.50 -2.29 -3.20 -1.60 -1.00 -3.18 -7.65 -4.42 -2.81
-2.33 -3.26 -3.75 -3.63 -3.89 -2.77 -3.13 -4.19 -1.89 -1.89 -2.16 -1.88 -2.54 -4.18 -1.05 -1.43 -3.10 -5.55 -3.48 -3.09
-2.14 -2.30 -1.59 -2.73 -2.84 -2.94 -1.68 -1.89 -3.08 -3.08 -2.38 -1.91 -1.65 -1.55 -0.69 -0.91 -1.66 -1.84 -1.57 -2.66
-2.14 -2.30 -1.59 -2.73 -2.84 -2.94 -1.68 -1.89 -3.08 -3.08 -2.38 -1.91 -1.65 -1.55 -0.69 -0.91 -1.66 -1.84 -1.57 -2.66
-2.31 -2.59 -1.98 -2.91 -2.76 -2.82 -2.05 -2.16 -2.38 -2.38 -2.20 -1.84 -2.20 -2.06 -0.90 -1.83 -1.74 -1.76 -1.86 -2.31
-1.52 -2.54 -1.78 -3.40 -2.25 -2.64 -1.50 -1.88 -1.91 -1.91 -1.84 -1.64 -2.25 -2.47 -1.16 -1.04 -1.77 -1.90 -1.33 -2.07
-2.12 -2.56 -2.15 -2.87 -2.76 -2.81 -2.29 -2.54 -1.65 -1.65 -2.20 -2.25 -2.46 -1.96 -1.45 -1.57 -2.59 -1.99 -1.68 -2.78
-2.33 -2.06 -1.54 -3.23 -2.66 -3.13 -3.20 -4.18 -1.55 -1.55 -2.06 -2.47 -1.96 -2.47 -1.50 -1.18 -2.19 -2.24 -1.47 -3.04
-1.42 -1.43 -1.61 -0.89 -1.08 -1.31 -1.60 -1.05 -0.69 -0.69 -0.90 -1.16 -1.45 -1.50 -0.99 -0.67 -1.69 -9.42 -3.71 -1.29
-1.29 -0.92 -0.98 -1.44 -1.52 -1.19 -1.00 -1.43 -0.91 -0.91 -1.83 -1.04 -1.57 -1.18 -0.67 -1.02 -1.46 -5.92 -2.23 -1.55
-1.71 -2.85 -2.38 -2.92 -3.42 -2.79 -3.18 -3.10 -1.66 -1.66 -1.74 -1.77 -2.59 -2.19 -1.69 -1.46 -3.15 -3.30 -1.95 -2.46
-2.01 -3.48 -4.47 -3.82 -3.87 -3.22 -7.65 -5.55 -1.84 -1.84 -1.76 -1.90 -1.99 -2.24 -9.42 -5.92 -3.30 -1.49 -1.28 -3.22
-1.79 -2.01 -1.67 -2.32 -2.03 -2.33 -4.42 -3.48 -1.57 -1.57 -1.86 -1.33 -1.68 -1.47 -3.71 -2.23 -1.95 -1.28 -0.85 -1.98
-2.16 -2.76 -2.32 -3.47 -3.22 -2.98 -2.81 -3.09 -2.66 -2.66 -2.31 -2.07 -2.78 -3.04 -1.29 -1.55 -2.46 -3.22 -1.98 -3.24