potential =  KK_new_pot.txt
p53-c-terminal =  p53_N_1_94.txt
analized peptide =  KKOO10.txt
1 10 -6.5582085 0
2 10 -18.1239385 0
3 10 -12.0310685 1
4 10 -0.1391585 1
5 10 -0.0969384999999989 0
6 10 -7.1941485 0
7 10 -6.6933585 1
8 10 -6.5924685 0
9 10 0.873071500000002 0
10 10 -1.7441385 1
11 10 -9.0532785 1
12 10 -6.2931885 0
13 10 -9.9276285 1
14 10 -6.6681585 0
15 10 -4.5311085 1
16 10 -6.9085585 0
17 10 -10.3577385 1
18 10 -5.4345685 0
19 10 -6.4492885 1
20 10 -11.5585785 0
21 10 1.7015815 0
22 10 -5.2547385 1
23 10 -3.9980585 0
24 10 -0.0366784999999985 1
25 10 -1.7821685 1
26 10 4.5777815 0
27 10 -1.3111285 0
28 10 -0.925648499999999 1
29 10 4.5993815 0
30 10 5.9564615 0
31 10 4.9228515 1
32 10 -2.6860685 1
33 10 -6.6726185 1
34 10 -1.5129785 1
35 10 -1.8108785 0
36 10 -6.8869685 0
37 10 -2.5952785 1
38 10 -6.1673785 1
39 10 -6.8535285 1
40 10 -13.9879085 0
41 10 -14.0462085 1
42 10 -14.2391385 0
43 10 -13.5984285 0
44 10 -5.1625085 0
45 10 -19.5588785 1
46 10 -5.5366385 0
47 10 -15.9000885 1
48 10 -31.7776085 0
49 10 -9.4401785 1
50 10 -10.9161585 1
51 10 -12.8927685 0
52 10 -11.1929085 0
53 10 -23.6895485 1
54 10 -5.7583985 1
55 10 -3.8454085 0
56 10 -16.1695485 0
57 10 -5.1876085 1
58 10 -5.5178085 1
59 10 -1.9870585 0
60 10 -3.2596185 1
61 10 -3.6631485 0
62 10 -2.8730285 0
63 10 1.3720915 0
64 10 2.7548215 1
65 10 2.8724315 0
66 10 7.3036515 0
67 10 0.308671500000002 0
68 10 1.4364415 1
69 10 7.1667315 1
70 10 8.4397015 0
71 10 6.3791015 1
72 10 5.1810515 0
73 10 7.9769015 1
74 10 6.8622815 1
75 10 8.9443215 0
76 10 6.5529815 1
77 10 6.5529815 0
78 10 8.9443215 1
79 10 6.8622815 0
80 10 8.0748815 0
81 10 5.3345215 1
82 10 2.4050715 0
83 10 3.4764415 1
84 10 6.6468115 0
85 10 2.3660815 1
44 -5.1625085
45 -19.5588785
46 -5.5366385
47 -15.9000885
48 -31.7776085
49 -9.4401785
50 -10.9161585
51 -12.8927685
52 -11.1929085

48 -31.7776085 -122.3777365 -435.050236 0 1.21675886234933
