potential =  KK_new_pot.txt
p53-c-terminal =  FLp53.txt
analized peptide =  KKOO16K.txt
1 16 -7.1321996 1
2 16 -6.8983896 0
3 16 -4.6870996 0
4 16 -1.9521596 0
5 16 -6.5188796 1
6 16 -3.5350196 1
7 16 -3.1977796 0
8 16 -3.4276396 0
9 16 -5.54546959999999 1
10 16 -0.908629599999995 0
11 16 -3.5423696 1
12 16 -1.6465596 0
13 16 -1.6970696 1
14 16 -3.9593296 0
15 16 -3.71791959999999 0
16 16 -2.5388996 1
17 16 -1.0028896 0
18 16 -2.0406696 0
19 16 -1.4141496 1
20 16 -5.6375296 0
21 16 -1.1167796 1
22 16 -2.2918496 1
23 16 -1.9175896 0
24 16 0.855300400000005 0
25 16 -0.514299599999996 0
26 16 -3.4574096 1
27 16 -6.8810596 1
28 16 -5.9210696 0
29 16 -0.680389599999998 0
30 16 -0.935939599999997 1
31 16 -2.2955796 1
32 16 -4.2312496 1
33 16 -3.0829696 0
34 16 -5.7969996 1
35 16 -5.4891796 0
36 16 -4.8604896 0
37 16 -1.1037296 1
38 16 -0.141009599999996 1
39 16 -10.8777496 1
40 16 -7.4137396 0
41 16 -7.8530896 1
42 16 -8.5364996 1
43 16 -8.7574096 0
44 16 -4.6568596 0
45 16 -3.9615296 0
46 16 -6.1696496 1
47 16 -14.9458496 1
48 16 -20.4632496 0
49 16 -3.8809796 0
50 16 -3.5828996 1
51 16 -3.8115496 1
52 16 -5.6662296 0
53 16 -6.0728496 0
54 16 -3.3240196 1
55 16 -7.5389896 1
56 16 -6.3693296 0
57 16 -2.1331396 0
58 16 -0.645309599999998 0
59 16 -3.3113496 1
60 16 -2.6659096 0
61 16 -3.6610596 0
62 16 -3.3906996 0
63 16 -2.9633796 0
64 16 -0.815679599999996 0
65 16 -1.52561959999999 0
66 16 -3.8260896 1
67 16 -4.2966596 0
68 16 -4.5592296 0
69 16 -2.7096796 0
70 16 -2.7772796 1
71 16 -2.6627196 1
72 16 -2.7924696 0
73 16 -2.7843296 0
74 16 -2.5889996 1
75 16 -2.8163396 1
76 16 -5.0160596 1
77 16 -4.9197996 0
78 16 -3.4599896 0
79 16 -4.7208596 1
295 16 0.520060400000001 0
296 16 1.7957404 1
297 16 0.323850400000003 0
298 16 1.0252304 0
299 16 1.9924704 1
300 16 2.0717204 1
301 16 2.0777904 1
302 16 1.5456004 1
303 16 2.66607040000001 0
304 16 2.8657204 0
305 16 4.94192040000001 1
306 16 4.2410604 0
307 16 2.5819404 1
308 16 2.5393004 1
309 16 0.989170400000005 1
310 16 -0.404209599999997 0
358 16 2.6300704 0
359 16 2.1873204 0
360 16 3.51667040000001 0
361 16 2.8566704 1
362 16 2.2451404 0
363 16 3.5505904 0
364 16 3.4636104 1
365 16 4.5656404 1
366 16 3.28857040000001 1
367 16 5.1935004 0
368 16 5.2663304 1
369 16 4.9652404 1
370 16 4.21436040000001 1
371 16 3.9956604 0
372 16 6.47223040000001 0
373 16 2.1929704 1
374 16 2.1555304 0
375 16 1.5517904 0
376 16 0.835350400000002 1
377 16 1.1222804 0
378 16 -0.196859599999997 1

48 -20.4632496 -109.221654 -327.244438 0.333761681841022 0
