potential =  KK_new_pot.txt
p53-c-terminal =  FLp53.txt
analized peptide =  KKOO10K.txt
1 10 -2.8462585 0
2 10 -6.7223885 0
3 10 -4.6851385 1
4 10 -0.276008499999998 0
5 10 0.411221500000001 0
6 10 -3.2264985 0
7 10 -3.2284785 1
8 10 -2.1559685 0
9 10 0.223801500000001 1
10 10 0.034471500000002 1
11 10 -3.1047785 1
12 10 -3.3417785 0
13 10 -3.0766185 1
14 10 -2.3704885 0
15 10 -2.7082985 1
16 10 -0.414498499999998 0
17 10 -4.2240785 1
18 10 -2.3822685 0
19 10 -1.8769285 1
20 10 -5.1368585 0
21 10 2.4818215 0
22 10 -1.7758085 0
23 10 -1.4400685 0
24 10 0.891211500000001 1
25 10 -0.594678499999999 1
26 10 2.9363715 0
27 10 -0.0262884999999979 0
28 10 -0.4655585 1
29 10 1.5503615 0
30 10 1.2261515 0
31 10 1.7171715 1
32 10 -1.4005385 0
33 10 -4.4365585 1
34 10 -0.193868499999999 0
35 10 0.238571500000002 0
36 10 -3.3544585 0
37 10 -1.3895685 1
38 10 -3.5896685 1
39 10 -2.3189285 1
40 10 -4.9118685 0
41 10 -5.1160585 0
42 10 -4.1406185 0
43 10 -5.3303185 0
44 10 -1.7867785 0
45 10 -8.3456785 1
46 10 -0.978648499999998 0
47 10 -6.2202685 1
48 10 -13.5020085 0
49 10 -3.9656185 1
50 10 -3.9296485 1
51 10 -4.7975785 0
52 10 -6.6136285 0
53 10 -10.2300785 1
54 10 -1.8303285 1
55 10 -1.4766285 0
56 10 -6.0943985 0
57 10 -2.4800785 1
58 10 -2.2911385 1
59 10 0.2343115 1
60 10 -1.1649585 1
61 10 -1.5684885 0
62 10 -1.2981285 0
63 10 -0.2173685 0
64 10 1.5333915 1
65 10 0.813351500000002 0
66 10 1.8221515 1
67 10 -1.6724985 0
68 10 -1.5793885 1
69 10 0.0545515000000012 0
70 10 0.363521500000002 0
71 10 0.2155815 0
72 10 -0.0626284999999986 0
73 10 0.469201500000002 1
74 10 0.0154615000000013 1
75 10 0.401961500000002 0
76 10 -0.2938385 1
77 10 -0.2938385 0
78 10 0.401961500000002 1
79 10 0.0154615000000013 0
80 10 0.664531500000002 0
81 10 -0.0864984999999989 1
82 10 -2.2518285 1
83 10 -1.9176185 1
84 10 1.4881915 1
85 10 -1.4432585 1
295 10 -0.8530185 0
296 10 2.9715915 1
297 10 1.7362615 0
298 10 1.3764215 1
299 10 2.9414515 1
300 10 2.6752015 1
301 10 2.9715615 1
302 10 3.2420015 0
303 10 3.5999615 1
304 10 3.3283115 0
305 10 3.4256315 1
306 10 2.4251115 0
307 10 0.983421500000002 1
308 10 1.3095115 0
309 10 1.0700815 0
310 10 2.2794715 1
311 10 3.1184115 0
312 10 3.1320915 1
313 10 3.3708815 0
314 10 3.0134015 1
315 10 1.3538715 0
316 10 0.776151500000002 1
358 10 -0.510888499999999 1
359 10 1.0967615 0
360 10 2.2563915 0
361 10 3.3451915 0
362 10 2.2990015 1
363 10 4.5884215 0
364 10 3.8263615 1
365 10 2.3730315 1
366 10 3.1725315 0
367 10 2.8317215 0
368 10 2.6628115 1
369 10 3.4644715 0
370 10 4.6908015 1
371 10 3.4547915 0
372 10 3.8526715 1
373 10 6.1419515 0
374 10 3.4082615 1
375 10 3.6971115 0
376 10 3.6562615 1
377 10 4.5358215 0
378 10 6.6179815 0
379 10 2.9503415 0
380 10 1.3895615 0
381 10 4.4148915 1
382 10 -2.7293385 0
383 10 -2.0525285 0
384 10 -2.1409185 1

48 -13.5020085 -50.1398565 -188.941731 0.265372060659273 0
