potential =  KK_new_pot.txt
p53-c-terminal =  p53_N_1_94.txt
analized peptide =  KKOO16.txt
1 16 -17.2731196 1
2 16 -16.8119096 0
3 16 -10.9665596 0
4 16 -3.8675696 0
5 16 -14.8908696 1
6 16 -6.7608496 0
7 16 -8.0501296 1
8 16 -11.2897196 0
9 16 -10.1159796 1
10 16 -6.2498996 1
11 16 -8.6900896 1
12 16 -5.0668296 0
13 16 -5.7361996 1
14 16 -11.1020496 0
15 16 -6.2763296 0
16 16 -8.46275959999999 1
17 16 -2.8210696 0
18 16 -4.7370796 0
19 16 -5.0251296 1
20 16 -10.7986196 0
21 16 -2.7710896 1
22 16 -4.9186296 0
23 16 -3.2149496 0
24 16 5.5219004 0
25 16 0.643560400000004 0
26 16 -7.7828596 1
27 16 -11.6866996 1
28 16 -11.7613696 0
29 16 -1.0569496 0
30 16 -0.722799599999996 1
31 16 -2.9680596 1
32 16 -5.5483296 1
33 16 -6.91734959999999 1
34 16 -14.1814596 1
35 16 -13.9209296 0
36 16 -12.3553396 1
37 16 -5.5630596 0
38 16 -1.9944896 0
39 16 -25.0834896 1
40 16 -18.5158896 0
41 16 -20.9584896 1
42 16 -25.1677596 1
43 16 -23.5546896 0
44 16 -10.7307696 0
45 16 -10.2679396 0
46 16 -13.5939796 1
47 16 -34.7876196 1
48 16 -45.2680196 0
49 16 -11.1751096 0
50 16 -12.5915796 1
51 16 -9.05708959999999 0
52 16 -9.1856896 1
53 16 -15.1566196 0
54 16 -8.3362996 0
55 16 -15.4961896 1
56 16 -13.1945196 0
57 16 -2.86958959999999 0
58 16 2.0769604 0
59 16 -4.2198096 0
60 16 -2.26440959999999 1
61 16 -3.6377696 0
62 16 -2.84764959999999 0
63 16 0.744030400000005 0
64 16 7.4867004 0
65 16 3.78342040000001 0
66 16 -0.295449599999995 1
67 16 -0.766019599999995 0
68 16 0.103420400000005 0
69 16 7.3871004 0
70 16 5.0554804 1
71 16 5.83092040000001 1
72 16 4.5691604 0
73 16 6.6022604 1
74 16 6.6184304 0
75 16 4.72263040000001 1
76 16 2.7706404 1
77 16 1.7348904 0
78 16 5.7475604 0
79 16 0.637950400000003 1

48 -45.2680196 -265.327844 -621.3795656 0 0.216280164868658
