potential =  KK_new_pot.txt
p53-c-terminal =  FLp53.txt
analized peptide =  KKOT16K.txt
2 16 -8.8558688 1
3 16 -5.69755879999999 0
4 16 -6.68730879999999 1
5 16 -10.4243888 1
6 16 -12.6681788 1
7 16 -15.8105588 0
8 16 -15.1928088 0
9 16 -11.1257388 0
10 16 -7.71407879999999 1
11 16 -6.89778879999999 1
12 16 -4.49142879999999 0
13 16 -7.23930879999999 0
14 16 -3.35138879999999 0
15 16 -4.09071879999999 1
16 16 -13.6672888 1
17 16 -14.7842488 1
18 16 -11.5868588 1
19 16 -5.46550879999999 1
20 16 -1.91644879999999 1
21 16 -1.70537879999999 1
22 16 -1.91851879999999 1
23 16 0.159651200000008 1
24 16 1.35522120000001 1
25 16 -1.53830879999999 0
26 16 -4.60851879999999 0
27 16 -7.13368879999999 0
28 16 -7.63541879999999 0
29 16 -7.61727879999999 0
30 16 -7.52096879999999 1
31 16 -6.4656188 0
32 16 -7.26460879999999 0
33 16 -7.07606879999999 0
34 16 -5.78092879999999 0
35 16 -9.09064879999999 0
36 16 -17.3297488 0
37 16 -29.5421388 0
38 16 -36.3334088 0
39 16 -31.7301388 0
40 16 -19.4545588 0
41 16 -13.2690288 1
42 16 -14.2350588 1
43 16 -18.8397588 0
44 16 -21.7086588 0
45 16 -26.2132088 0
46 16 -25.9006688 0
47 16 -25.9059888 0
48 16 -23.4513988 1
49 16 -24.0030888 1
50 16 -25.2266688 1
51 16 -20.1837588 1
52 16 -14.3570488 1
53 16 -6.5042388 0
54 16 -7.1072988 1
55 16 -14.2939688 1
56 16 -21.3308888 1
57 16 -19.1509588 1
58 16 -12.0170988 0
59 16 -6.78210879999999 0
60 16 -3.3363288 1
61 16 -3.5537188 1
62 16 -1.53153879999999 1
63 16 -0.143178799999994 1
64 16 0.730191200000005 1
65 16 -1.0752688 1
66 16 -1.5295088 1
67 16 -3.6207788 1
68 16 -2.95386879999999 1
69 16 -2.5854388 1
70 16 -0.0777487999999922 1
71 16 0.721021200000006 1
72 16 0.744741200000008 1
73 16 0.0874612000000035 0
74 16 0.0165812000000045 1
75 16 -1.70059879999999 0
76 16 -4.27387879999999 0
77 16 -6.97363879999999 0
78 16 -7.11207879999999 0
296 16 6.7790612 1
297 16 5.1147912 1
298 16 6.74164120000001 1
299 16 9.97683120000001 1
300 16 8.88672120000001 0
301 16 8.71160120000001 0
302 16 10.3957712 0
303 16 12.5052012 0
304 16 15.3390312 1
305 16 16.6337712 1
306 16 15.9983612 1
307 16 15.2738412 1
308 16 12.5248512 0
309 16 10.3850112 0
359 16 13.5772612 1
360 16 15.4508512 1
361 16 15.3410512 1
362 16 14.7213912 1
363 16 13.6228712 1
364 16 13.7642912 0
365 16 15.8776712 1
366 16 18.8827112 1
367 16 21.5813412 1
368 16 24.0565112 1
369 16 24.5347212 0
370 16 22.8670412 0
371 16 21.6128512 0
372 16 17.3110612 0
373 16 13.4595512 0
374 16 9.77413120000001 0
375 16 7.36854120000001 0
376 16 6.14943120000001 0
377 16 2.43843120000001 0

38 -36.3334088 -264.333582 -758.361896 0.348558628003641 0
