potential =  KK_new_pot.txt
p53-c-terminal =  p53_N_1_94.txt
analized peptide =  KKOT16.txt
2 16 -26.5449788 1
3 16 -15.3604688 0
4 16 -13.6555788 1
5 16 -21.8967488 1
6 16 -28.9693788 1
7 16 -37.0806988 0
8 16 -36.0566988 0
9 16 -27.7665388 0
10 16 -23.9970088 1
11 16 -19.6163188 1
12 16 -16.0289688 0
13 16 -22.5695788 0
14 16 -16.5931888 0
15 16 -19.7369088 1
16 16 -37.1346488 1
17 16 -34.6428288 1
18 16 -26.0247788 1
19 16 -12.9743688 1
20 16 -7.3316988 1
21 16 -7.81129879999999 1
22 16 -7.81594879999999 1
23 16 -3.25089879999999 1
24 16 1.37097120000001 1
25 16 2.70598120000001 0
26 16 -3.37030879999999 0
27 16 -10.0635588 0
28 16 -11.9911188 0
29 16 -15.3252288 0
30 16 -17.8102388 0
31 16 -18.5426688 0
32 16 -18.9498188 0
33 16 -16.3801088 0
34 16 -13.4603988 0
35 16 -22.8683888 0
36 16 -42.0218888 0
37 16 -68.2732988 0
38 16 -83.1674388 0
39 16 -76.5059488 0
40 16 -54.7733488 0
41 16 -38.6118988 1
42 16 -39.6114488 1
43 16 -46.6842688 0
44 16 -56.8461188 1
45 16 -63.1109488 0
46 16 -68.9544388 0
47 16 -68.2042188 0
48 16 -57.5012488 1
49 16 -59.3424388 1
50 16 -63.0850688 1
51 16 -53.0904888 1
52 16 -37.7239988 1
53 16 -26.3280888 0
54 16 -19.0187088 1
55 16 -35.4752288 1
56 16 -45.7133788 1
57 16 -37.0947388 1
58 16 -18.5669488 0
59 16 -3.92085879999998 0
60 16 0.165221200000013 1
61 16 -2.66006879999999 1
62 16 5.31025120000002 1
63 16 12.5494012 1
64 16 19.4204312 1
65 16 18.2773612 1
66 16 17.8425612 1
67 16 17.4662712 1
68 16 21.7874012 1
69 16 26.5503512 1
70 16 31.7570212 1
71 16 33.1242712 1
72 16 35.9804912 1
73 16 37.0746312 1
74 16 37.3099112 0
75 16 32.3397212 0
76 16 24.6238612 0
77 16 16.9114412 0
78 16 15.1882812 0

38 -83.1674388 -659.807992 -1777.9079016 0 -0.395582884269305
