potential =  KK_new_pot.txt
p53-c-terminal =  FLp53.txt
analized peptide =  KKOT10K.txt
2 10 -10.4477055 0
3 10 -8.7404855 1
4 10 -5.7163655 1
5 10 -3.6591055 1
6 10 -3.5631455 0
7 10 -3.2305455 1
8 10 -6.0716255 1
9 10 -8.2490255 1
10 10 -8.4137055 0
11 10 -6.5130855 0
12 10 -3.6983855 0
13 10 -5.21968549999999 1
14 10 -6.36390549999999 0
15 10 -7.12974549999999 0
16 10 -6.1614055 0
17 10 -0.105165499999994 1
18 10 -1.3036455 1
19 10 -7.7588955 1
20 10 -11.9390255 1
21 10 -8.1318955 0
22 10 -5.90695549999999 0
23 10 2.85057450000001 0
24 10 5.21834450000001 1
25 10 3.3479245 1
26 10 -0.180695499999999 1
27 10 -0.344065499999997 0
28 10 0.491514500000002 0
29 10 2.1282245 0
30 10 3.67931450000001 1
31 10 0.914854500000005 0
32 10 -3.9988855 0
33 10 -8.3352755 1
34 10 -9.1551455 0
35 10 -6.6498655 0
36 10 -1.5410755 0
37 10 4.9985245 1
38 10 -5.8693455 1
39 10 -16.3982355 1
40 10 -23.1593855 1
41 10 -25.8846955 0
42 10 -18.6158855 0
43 10 -10.9473655 0
44 10 -4.07192549999999 0
45 10 -10.2519155 1
46 10 -12.5175755 1
47 10 -18.0304655 1
48 10 -20.2466755 0
49 10 -18.9039255 1
50 10 -13.5895855 0
51 10 -11.0548855 0
52 10 -11.6242055 0
53 10 -18.1081455 1
54 10 -19.2347255 1
55 10 -14.5856755 0
56 10 -8.3838555 0
57 10 3.4857845 1
58 10 -0.441295499999999 1
59 10 -6.4761255 1
60 10 -11.8717055 1
61 10 -9.5390555 0
62 10 -2.4747955 0
63 10 5.9541945 0
64 10 8.7420245 1
65 10 4.7919445 1
66 10 -0.00656549999999712 1
67 10 -3.0469255 0
68 10 -1.8464755 1
69 10 0.407074500000001 1
70 10 2.4529745 1
71 10 2.0109645 0
72 10 2.1250745 1
73 10 2.5121245 1
74 10 2.4448845 0
75 10 1.9358845 0
76 10 1.4700345 0
77 10 1.4700345 1
78 10 1.9358845 1
79 10 2.6402145 1
80 10 2.6835845 0
81 10 -0.320265499999999 0
82 10 -2.8345455 1
83 10 -4.8412155 0
84 10 -4.3386355 0
296 10 1.1268645 1
297 10 4.4365645 0
298 10 8.5452445 1
299 10 9.0108645 1
300 10 8.8488445 1
301 10 8.3541345 1
302 10 9.20706450000001 0
303 10 9.8582045 0
304 10 10.4075545 0
305 10 10.2150445 0
306 10 7.76796450000001 0
307 10 5.45766450000001 0
308 10 3.94070450000001 0
309 10 5.17248450000001 0
310 10 6.98558450000001 1
311 10 9.58464450000001 1
312 10 10.9440045 1
313 10 10.9347445 1
314 10 7.35488450000001 1
315 10 4.7915945 1
359 10 3.1524645 0
360 10 7.1640345 0
361 10 9.5639745 0
362 10 12.8775545 1
363 10 11.8759245 1
364 10 10.7940345 1
365 10 9.10238450000001 1
366 10 8.25999450000001 1
367 10 8.08183450000001 1
368 10 8.69427450000001 1
369 10 11.0476545 0
370 10 12.3665245 0
371 10 15.0177645 0
372 10 15.1227545 1
373 10 14.8744045 1
374 10 13.6815145 1
375 10 13.0763645 1
376 10 13.0380545 1
377 10 13.3068445 1
378 10 13.2964345 0
379 10 10.3265645 0
380 10 8.2674245 0
381 10 3.7770045 0
382 10 0.854594500000005 0
383 10 -3.25312549999999 0

41 -25.8846955 -115.198754 -491.29772 0.234478503177259 0
