potential =  KK_new_pot.txt
p53-c-terminal =  p53_N_1_94.txt
analized peptide =  KKOT10.txt
2 10 -29.5472255 0
3 10 -23.3572055 1
4 10 -13.3489855 1
5 10 -7.8166355 1
6 10 -8.4480755 0
7 10 -6.7908655 1
8 10 -12.5435055 1
9 10 -19.7439055 1
10 10 -21.0016955 0
11 10 -18.0093455 0
12 10 -13.0104855 0
13 10 -14.5714655 1
14 10 -16.8114955 0
15 10 -17.1830955 1
16 10 -17.6132955 0
17 10 -7.68525549999999 1
18 10 -12.7156855 1
19 10 -22.6661355 1
20 10 -29.7736555 1
21 10 -20.3495155 0
22 10 -11.6071455 0
23 10 5.1169745 0
24 10 5.4738145 1
25 10 1.7729545 1
26 10 -4.30990549999999 1
27 10 -3.47118549999999 0
28 10 3.5258745 0
29 10 10.4503345 0
30 10 16.7185645 1
31 10 10.0821445 1
32 10 -4.3738655 1
33 10 -18.6731455 1
34 10 -23.7461855 0
35 10 -19.1887955 0
36 10 -4.8029755 0
37 10 10.9596045 0
38 10 -7.9361055 1
39 10 -34.8159055 1
40 10 -55.1587955 1
41 10 -63.4480255 0
42 10 -51.3552155 0
43 10 -34.0262355 0
44 10 -17.4187555 0
45 10 -22.1665155 1
46 10 -31.7190255 1
47 10 -49.3565255 1
48 10 -56.7168255 1
49 10 -51.7994855 1
50 10 -37.0896155 0
51 10 -24.5297055 0
52 10 -25.1052755 1
53 10 -41.2175955 1
54 10 -47.2215055 1
55 10 -38.6196555 0
56 10 -22.5501755 0
57 10 4.0109345 1
58 10 -5.54577549999999 1
59 10 -18.1884855 1
60 10 -29.0599355 1
61 10 -21.9111555 0
62 10 -0.57014549999999 0
63 10 17.1161845 0
64 10 19.0878645 1
65 10 11.0318745 1
66 10 6.75515450000001 1
67 10 4.76889450000001 0
68 10 13.2960245 1
69 10 18.3459045 1
70 10 24.2778545 0
71 10 23.0355645 1
72 10 21.8206245 1
73 10 22.6738545 1
74 10 23.6412745 0
75 10 24.7354145 0
76 10 25.9700545 0
77 10 25.9700545 1
78 10 24.7354145 1
79 10 23.7392545 1
80 10 22.9253045 0
81 10 18.1798545 0
82 10 14.5351545 0
83 10 9.1736145 0
84 10 6.6847745 0

41 -63.4480255 -286.325554 -1210.687176 0 0.858274889482959
