potential =  MJ_original_pot.txt
p53-c-terminal =  p53_N_1_94.txt
analized peptide =  MJOO16_weird.txt
1 16 0.979999999999998 0
2 16 1.76 0
3 16 0.719999999999997 1
4 16 1.47 1
5 16 1.74 0
6 16 0.969999999999998 0
7 16 1.51 1
8 16 0.469999999999998 1
9 16 1.42 0
10 16 0.619999999999999 0
11 16 0.969999999999998 0
12 16 0.339999999999999 0
13 16 0.589999999999998 1
14 16 0.719999999999999 1
15 16 1.92 0
16 16 0.989999999999999 1
17 16 1.03 1
18 16 0.639999999999996 0
19 16 0.21 0
20 16 0.459999999999999 1
21 16 0.580000000000001 1
22 16 -0.620000000000001 0
23 16 0.549999999999996 0
24 16 -0.180000000000001 1
25 16 0.339999999999998 1
26 16 0.149999999999998 0
27 16 1.27 0
28 16 1.23 1
29 16 0.17 0
30 16 0.649999999999997 0
31 16 -0.230000000000001 1
32 16 0.0599999999999987 0
33 16 0.169999999999996 1
34 16 0.279999999999999 1
35 16 0.89 0
36 16 1.42 0
37 16 0.669999999999999 0
38 16 0.859999999999995 1
39 16 0.769999999999999 0
40 16 1.5 0
41 16 1.32 0
42 16 1.6 0
43 16 0.849999999999998 1
44 16 0.259999999999999 1
45 16 2.17 1
46 16 0.98 0
47 16 2.66 0
48 16 1.96 1
49 16 1.89 0
50 16 1.15 0
51 16 1.26 1
52 16 1.2 0
53 16 1.26 1
54 16 1.16 1
55 16 1.43 0
56 16 1.3 0
57 16 -0.0500000000000012 1
58 16 -0.0700000000000007 1
59 16 -0.230000000000001 0
60 16 -0.980000000000003 0
61 16 -0.139999999999998 1
62 16 -0.930000000000001 1
63 16 -0.650000000000001 0
64 16 -1.31 1
65 16 -1.94 0
66 16 -0.43 1
67 16 -1.77 1
68 16 -0.100000000000001 1
69 16 -0.87 1
70 16 -3.42 0
71 16 -0.24 1
72 16 -2.94 1
73 16 -0.919999999999999 0
74 16 -0.829999999999999 1
75 16 -1.83 0
76 16 0.499999999999999 1
77 16 -1.89 1
78 16 -0.0999999999999996 0
79 16 -0.99 1

70 -3.42 -19.14 -23.66 0.808960270498732 0 5.25717244563351
