potential =  MJ_original_pot.txt
p53-c-terminal =  p53_N_1_94.txt
analized peptide =  MJOO10.txt
1 10 -1.77 1
2 10 -2.99 0
3 10 -1.99 1
4 10 -1.24 0
5 10 -0.910000000000001 1
6 10 -0.42 1
7 10 -1.65 1
8 10 -3.42 0
9 10 -0.49 1
10 10 -0.349999999999999 1
11 10 -2.07 1
12 10 -1.44 0
13 10 -1.35 0
14 10 -0.400000000000001 0
15 10 -1.41 1
16 10 -1.3 1
17 10 -1.37 0
18 10 0.890000000000001 0
19 10 -1.91 1
20 10 -2.83 0
21 10 -0.39 0
22 10 -0.200000000000002 1
23 10 0.789999999999999 1
24 10 0.519999999999999 1
25 10 -0.560000000000001 0
26 10 0.089999999999999 0
27 10 -0.0900000000000007 1
28 10 -1.95 1
29 10 -1.21 0
30 10 -0.37 0
31 10 1.4 1
32 10 -1.32 1
33 10 -2.2 0
34 10 -0.980000000000001 0
35 10 1.19 1
36 10 -1.14 1
37 10 -0.560000000000002 1
38 10 -1.36 0
39 10 -0.350000000000001 0
40 10 -2.38 1
41 10 -2.15 0
42 10 -1.25 1
43 10 -1.59 1
44 10 -0.160000000000001 0
45 10 -0.0899999999999999 0
46 10 0.0400000000000031 1
47 10 -2.92 1
48 10 -6.5 0
49 10 -1.27 0
50 10 -1.65 1
51 10 -2.58 1
52 10 -1.88 0
53 10 -2.79 0
54 10 -1.42 0
55 10 -1.81 1
56 10 -3.31 1
57 10 -0.430000000000001 1
58 10 -0.72 0
59 10 -0.670000000000001 1
60 10 -1.52 1
61 10 -1.67 0
62 10 -1.31 1
63 10 -0.280000000000001 1
64 10 0.0799999999999992 0
65 10 0.399999999999999 0
66 10 0.209999999999999 1
67 10 -0.750000000000002 1
68 10 -0.440000000000002 0
69 10 0.959999999999999 1
70 10 1.23 0
71 10 -0.0100000000000025 0
72 10 0.350000000000001 0
73 10 0.82 1
74 10 0.599999999999999 0
75 10 0.839999999999998 1
76 10 0.299999999999999 1
77 10 0.299999999999999 0
78 10 0.839999999999998 0
79 10 0.599999999999999 1
80 10 0.389999999999999 0
81 10 -0.11 1
82 10 0.0499999999999985 0
83 10 0.779999999999998 0
84 10 0.52 1
85 10 0.279999999999998 1

48 -6.5 -17.05 -83.65 0 2.31195991307263
