potential =  MJ_original_pot.txt
p53-c-terminal =  p53_N_1_94.txt
analized peptide =  MJOO16.txt
1 16 -4.35 0
2 16 -3.7 1
3 16 -2.27 0
4 16 -1.02 1
5 16 -0.129999999999999 1
6 16 -3.41 1
7 16 -2.79 0
8 16 -0.0199999999999987 1
9 16 0.840000000000001 0
10 16 -2.62 1
11 16 -2.3 1
12 16 -1.35 0
13 16 -1.56 0
14 16 -0.78 1
15 16 -1.45 1
16 16 -1.07 0
17 16 -1.44 1
18 16 1.3 0
19 16 -2.77 0
20 16 -0.560000000000001 1
21 16 0.93 1
22 16 0.839999999999999 1
23 16 -1.38 1
24 16 -0.440000000000001 0
25 16 0.3 0
26 16 0.0199999999999987 0
27 16 -2 0
28 16 -2.91 1
29 16 0.270000000000001 0
30 16 0.530000000000001 1
31 16 -0.140000000000002 1
32 16 -2.23 0
33 16 -1.48 0
34 16 -1.34 0
35 16 -1.88 1
36 16 -1.69 1
37 16 -2.3 0
38 16 -1.82 1
39 16 0.179999999999999 0
40 16 -2.18 0
41 16 -1.77 0
42 16 -3.02 1
43 16 -2.73 1
44 16 -0.0799999999999983 1
45 16 -1.93 1
46 16 -2.42 1
47 16 -9.98 0
48 16 -2.8 1
49 16 -0.309999999999997 1
50 16 -2.35 1
51 16 -4.35 1
52 16 -2.36 0
53 16 -3.22 0
54 16 -0.999999999999999 0
55 16 -2.33 1
56 16 -3.97 1
57 16 -2.46 1
58 16 -1.06 0
59 16 -1.2 0
60 16 -2.21 0
61 16 -1.74 1
62 16 -2.59 1
63 16 0.150000000000001 0
64 16 -0.309999999999999 0
65 16 1.58 1
66 16 -1.63 0
67 16 -1.3 1
68 16 -0.419999999999998 1
69 16 0.86 0
70 16 0.419999999999999 1
71 16 -0.319999999999998 0
72 16 0.410000000000001 1
73 16 0.63 0
74 16 0.28 1
75 16 -0.21 0
76 16 -0.539999999999999 0
77 16 0.629999999999999 0
78 16 0.33 1
79 16 0.54 0

47 -9.98 -40.5 -115.99 0 1.19124073090519
