potential =  MJ_original_pot.txt
p53-c-terminal =  p53_N_1_94.txt
analized peptide =  MJOT16.txt
2 16 -10.8 0
3 16 -9.55 0
4 16 -7.46 1
5 16 -8.28 1
6 16 -9.35 1
7 16 -8.61 0
8 16 -5.25 0
9 16 -2.04 1
10 16 -4.6 1
11 16 -1.81 1
12 16 -3.09 0
13 16 -3.22 0
14 16 -3.16 0
15 16 -4.69 1
16 16 -5.38 1
17 16 -3.67 1
18 16 -1.56 0
19 16 -1.91 0
20 16 -0.490000000000004 0
21 16 3.11 0
22 16 0.439999999999995 1
23 16 -0.110000000000004 1
24 16 1.03 0
25 16 -0.530000000000005 0
26 16 -2.39 0
27 16 -4.52 0
28 16 -3.42 0
29 16 -0.539999999999998 1
30 16 0.12 1
31 16 0.569999999999999 1
32 16 -1.74 0
33 16 -3.55 0
34 16 -2.09 0
35 16 -6.5 1
36 16 -9.77 1
37 16 -9.05 1
38 16 -8.64 0
39 16 -7.4 0
40 16 -5.59 0
41 16 -7.79 1
42 16 -8.77 1
43 16 -9.05 1
44 16 -9.45 1
45 16 -12.86 1
46 16 -14.19 0
47 16 -20.07 0
48 16 -16.43 0
49 16 -8.37 0
50 16 -10.81 1
51 16 -8.98 1
52 16 -9.24 0
53 16 -9.34999999999999 0
54 16 -7.14999999999999 0
55 16 -7.36 1
56 16 -9.9 1
57 16 -6.58 1
58 16 -5.27 0
59 16 -4.21 0
60 16 -2.42 0
61 16 -1.5 1
62 16 -0.990000000000003 1
63 16 1.19 1
64 16 2.74 0
65 16 2.62 0
66 16 1.95 0
67 16 1.83 0
68 16 2.91 1
69 16 3.87 1
70 16 5.11 1
71 16 4.8 0
72 16 5.16 0
73 16 5.79 0
74 16 5.18 1
75 16 3.82 1
76 16 3.24 1
77 16 3.88 1
78 16 3.75 1

47 -20.07 -158.1 -351.5 0 -1.38286111603013
