potential =  MJ_original_pot.txt
p53-c-terminal =  p53_N_1_94.txt
analized peptide =  MJOT10.txt
2 10 -5.91999999999999 1
3 10 -6.73 0
4 10 -5.03 0
5 10 -3.06 1
6 10 -2.79 1
7 10 -3.8 0
8 10 -5.77 0
9 10 -4.46 0
10 10 -5.47 1
11 10 -4.61 1
12 10 -2.38 1
13 10 -4.15 0
14 10 -2.93 0
15 10 -2.77 1
16 10 -0.899999999999999 1
17 10 -0.24 0
18 10 -0.86 0
19 10 -1.48 0
20 10 -3.44 0
21 10 -2.45 1
22 10 -2.22 1
23 10 0.429999999999997 1
24 10 2.92 1
25 10 0.269999999999997 0
26 10 -2.1 0
27 10 -1.92 0
28 10 -1.77 1
29 10 0.0799999999999983 1
30 10 1.89 0
31 10 1.6 1
32 10 -0.520000000000001 1
33 10 -1.63 0
34 10 -2.15 0
35 10 -1.44 1
36 10 -0.989999999999999 1
37 10 1.82 0
38 10 -2.78 0
39 10 -5.54 0
40 10 -6.3 1
41 10 -8.53 1
42 10 -6.4 1
43 10 -3.72 1
44 10 -0.929999999999997 0
45 10 -3.15 0
46 10 -5.35 0
47 10 -9.65 0
48 10 -12.96 0
49 10 -10.35 0
50 10 -10.57 1
51 10 -8.13 1
52 10 -4.77 1
53 10 -7.27999999999999 0
54 10 -8.09 0
55 10 -7.97 1
56 10 -6.86 1
57 10 -1.75 0
58 10 -3.23 0
59 10 -4.85 0
60 10 -5.54 0
61 10 -3.73 1
62 10 -2.11 1
63 10 1.17 1
64 10 2.4 0
65 10 0.920000000000001 0
66 10 0.979999999999999 0
67 10 0.449999999999998 0
68 10 1.93 0
69 10 3.3 1
70 10 4.02 1
71 10 3.66 1
72 10 3.25 0
73 10 3.32 1
74 10 3.31 1
75 10 3.3 1
76 10 3.52 1
77 10 3.52 0
78 10 3.3 0
79 10 2.88 0
80 10 2.5 1
81 10 2.06 1
82 10 2.17 1
83 10 2.47 1
84 10 2.38 1

48 -12.96 -65.86 -234.52 0 0.72924305196998
