potential =  MJ_original_pot.txt
p53-c-terminal =  p53_N_1_94.txt
analized peptide =  poly-M-16.txt
2 16 7.15 0
3 16 6.77 0
4 16 6.26 0
5 16 6.44 0
6 16 6.77 0
7 16 5.78 0
8 16 4.62 0
9 16 3.46 0
10 16 3.14 0
11 16 2.15999999999999 0
12 16 1.98999999999999 0
13 16 2.31999999999999 0
14 16 3.47999999999999 0
15 16 4 0
16 16 3.89 0
17 16 3.25999999999999 0
18 16 2.86999999999999 0
19 16 2.97999999999999 0
20 16 2.72999999999999 0
21 16 2.29999999999998 0
22 16 1.96999999999998 0
23 16 2.31999999999998 0
24 16 2.40999999999998 0
25 16 3.06999999999998 0
26 16 4.22999999999999 0
27 16 5.72999999999999 0
28 16 5.91999999999999 0
29 16 4.66999999999999 0
30 16 3.63999999999999 0
31 16 3.11999999999998 0
32 16 4.03999999999999 0
33 16 5.29999999999999 0
34 16 6.24999999999999 0
35 16 6.82999999999999 0
36 16 7.15 0
37 16 7.02 0
38 16 5.89 0
39 16 4.85 0
40 16 4.94 0
41 16 5.53 0
42 16 5.34 0
43 16 5.11 0
44 16 5.06 0
45 16 6.51000000000001 0
46 16 7.51000000000001 0
47 16 8.32000000000001 0
48 16 7.63000000000001 0
49 16 6.71000000000001 0
50 16 5.86000000000001 0
51 16 5.38000000000001 0
52 16 5.38000000000001 0
53 16 5.69000000000001 0
54 16 6.69 0
55 16 7.35 0
56 16 7.38 0
57 16 6.28 0
58 16 5.31 0
59 16 4.44 0
60 16 4.26 0
61 16 3.45999999999999 0
62 16 2.54999999999999 0
63 16 1.64999999999999 0
64 16 1.37999999999999 0
65 16 1.16999999999999 0
66 16 1.13999999999999 0
67 16 1.09999999999999 0
68 16 0.999999999999988 0
69 16 0.729999999999988 0
70 16 0.469999999999987 0
71 16 0.479999999999987 0
72 16 0.469999999999987 0
73 16 0.529999999999986 0
74 16 0.909999999999986 0
75 16 0.919999999999987 0
76 16 0.869999999999989 0
77 16 0.259999999999989 0
78 16 0.349999999999989 0

77 0.259999999999989 0 0 0 5.25717244563351
