potential =  MJ_original_pot.txt
p53-c-terminal =  FLp53.txt
analized peptide =  p53_linker_293_325.txt
2 33 -1.29999999999999 1
3 33 -1.19 0
4 33 -0.639999999999998 0
5 33 -0.569999999999999 0
6 33 -3.45 1
7 33 -4.16999999999999 1
8 33 -3.05 1
9 33 -1.24 1
10 33 0.940000000000002 0
11 33 2.79 0
12 33 2.9 1
13 33 0.969999999999998 1
14 33 -0.13 1
15 33 -1.76 0
16 33 -2.98 0
17 33 1.19 0
18 33 2.36 1
19 33 1.72 0
20 33 -0.8 0
21 33 0.0900000000000001 0
22 33 -0.819999999999996 1
23 33 -2.64 1
24 33 -4.03 0
25 33 -1.76 0
26 33 1.88 1
27 33 -2.88 1
28 33 -5.79 1
29 33 -10.22 0
30 33 -7.93 0
31 33 -1.3 0
32 33 1.60000000000001 1
33 33 -0.969999999999997 1
34 33 -1.99 0
35 33 -4.86999999999999 0
36 33 -8.04 1
37 33 -11.02 1
38 33 -5.45 0
39 33 -4.77999999999999 0
40 33 -4.03999999999999 0
41 33 -0.519999999999995 1
42 33 -4.5 1
43 33 -3.29999999999999 1
44 33 -3.06 0
45 33 -2.68999999999999 0
46 33 -3.43999999999999 1
47 33 -5.00999999999999 1
48 33 -4.07 1
49 33 -3.32 1
50 33 -2.91 1
51 33 -4.95999999999999 1
52 33 -4.42999999999999 1
53 33 -1.3 1
54 33 1.81 1
55 33 0.110000000000004 1
56 33 -3.28999999999999 1
57 33 -4.89 1
58 33 -1.09 1
59 33 -1.26 0
60 33 0.920000000000001 0
61 33 1.95 1
359 33 -1.57999999999999 1
360 33 -1.99999999999999 1

37 -11.02 -122.04 -157.43 0.775201676935781 1
