potential =  KK_new_pot.txt
p53-c-terminal =  FLp53.txt
analized peptide =  p53_linker_293_325.txt
1 33 -4.42684105 1
2 33 -7.92100105 1
3 33 -2.98702104999999 1
4 33 -4.60547104999999 0
5 33 1.12299895 0
6 33 -4.25840105 1
7 33 -2.37759105 1
8 33 -5.65282105 0
9 33 -3.27631105 1
10 33 -5.23730105 0
11 33 -0.772511049999994 0
12 33 1.03221895 1
13 33 -0.936301049999996 1
14 33 -2.43594105 0
15 33 -9.63021105 0
16 33 -3.41406105 0
17 33 -2.80583105 1
18 33 -1.76157105 1
19 33 0.824308950000003 0
20 33 -3.59731105 0
21 33 -1.60426105 0
22 33 -7.96209105 1
23 33 -7.01277105 1
24 33 0.312248950000005 0
25 33 -3.99732105 0
26 33 1.24002895000001 0
27 33 -0.890671049999995 0
28 33 -7.64654105 0
29 33 -12.92591105 0
30 33 -6.90729105 0
31 33 -1.60730104999999 0
32 33 -1.89360105 1
33 33 1.27699895000001 1
34 33 -8.11464105 1
35 33 -6.55739105 0
36 33 -8.18040105 0
37 33 -13.84835105 1
38 33 -11.32568105 1
39 33 3.85873895000001 0
40 33 -3.02453105 0
41 33 -4.49925105 0
42 33 -6.46142104999999 1
43 33 -7.18101105 1
44 33 -7.14119104999999 0
45 33 -1.78488104999999 0
46 33 0.896948950000007 1
47 33 -4.09355104999999 1
48 33 -3.79433104999999 1
49 33 -7.33829105 0
50 33 -1.72293105 0
51 33 -3.93323104999999 1
52 33 -4.46390104999999 1
53 33 -2.74266104999999 1
54 33 -0.403031049999995 1
55 33 -6.32463104999999 0
56 33 -8.77967104999999 1
57 33 -3.26272104999999 1
58 33 -4.33555104999999 1
59 33 -0.845671049999993 0
60 33 -9.14435104999999 0
61 33 -1.15482104999999 0
62 33 -2.63155104999999 1
358 33 -0.84123105 0
359 33 3.56515895 1
360 33 0.968238950000004 0
361 33 3.10001895 1

37 -13.84835105 -158.6554094 -262.47513775 0.604458809927799 1
