potential =  MJ_original_pot.txt
p53-c-terminal =  FLp53.txt
analized peptide =  p53_linker_293_325.txt
1 33 -1.1 1
2 33 -1.31 1
3 33 0.860000000000002 0
4 33 -1.66 0
5 33 -0.48 1
6 33 -1.99 1
7 33 -0.979999999999998 1
8 33 -1.2 1
9 33 -0.869999999999998 1
10 33 -0.56 0
11 33 0.390000000000001 0
12 33 1.15 1
13 33 0.47 1
14 33 -0.650000000000001 1
15 33 -1.88 0
16 33 -1.26 0
17 33 -0.190000000000001 1
18 33 1.58 1
19 33 0.97 1
20 33 -1.87 0
21 33 -0.229999999999999 0
22 33 -0.35 1
23 33 -2.13 1
24 33 -1.72 0
25 33 -1.84 0
26 33 0.46 1
27 33 -1.13 1
28 33 -2.21 1
29 33 -5.11 0
30 33 -3.12 0
31 33 0.300000000000002 0
32 33 0.100000000000001 1
33 33 -1.01 1
34 33 -1.27 0
35 33 -1.09 0
36 33 -3.12 1
37 33 -5.85 1
38 33 -2.05 1
39 33 -2.53 0
40 33 -1.03 0
41 33 -0.93 1
42 33 -1.4 1
43 33 -2.17 1
44 33 -2.5 0
45 33 -0.799999999999997 0
46 33 -1.27 1
47 33 -1.64 1
48 33 -2.1 1
49 33 -0.709999999999999 0
50 33 -0.889999999999999 1
51 33 -1.68999999999999 1
52 33 -2.38 1
53 33 -0.36 1
54 33 0.580000000000001 0
55 33 0.46 0
56 33 -2.06 1
57 33 -1.96 1
58 33 -0.95 0
59 33 -0.149999999999999 0
60 33 -0.16 0
61 33 0.720000000000001 1
62 33 -0.0399999999999994 1
358 33 -0.36 0
359 33 -1.43 1
360 33 -1.01 0
361 33 -1.64 0

37 -5.85 -54.63 -80.3899999999999 0.679562134593855 1
