potential =  KK_new_pot.txt
p53-c-terminal =  FLp53.txt
analized peptide =  p53_linker_293_325.txt
2 33 -15.33486315 1
3 33 -12.98065315 1
4 33 -3.73074314999999 1
5 33 -5.16350314999998 0
6 33 -5.30708315 1
7 33 -7.57477315 1
8 33 -6.59268314999999 1
9 33 -11.30341315 0
10 33 -6.42310314999999 0
11 33 -2.41512314999999 0
12 33 1.83881685000001 1
13 33 -1.03418314999999 1
14 33 -12.36248315 0
15 33 -15.48021315 0
16 33 -9.80148315 0
17 33 -6.55740314999999 1
18 33 -3.27215314999999 1
19 33 -2.18085314999999 0
20 33 -4.37726314999999 0
21 33 -8.57849314999999 0
22 33 -13.59364315 1
23 33 -13.21614315 1
24 33 -7.90503314999999 0
25 33 -2.44504314999999 0
26 33 -3.64796314999999 0
27 33 -7.29718314999999 0
28 33 -21.46312315 0
29 33 -27.47974315 0
30 33 -21.44050315 0
31 33 -5.45057314999999 0
32 33 1.91868685000001 1
33 33 -8.73124314999998 1
34 33 -10.02070315 0
35 33 -22.08065315 0
36 33 -16.76595315 1
37 33 -28.69940315 1
38 33 -20.22839315 1
39 33 -3.66635314999999 1
40 33 -3.66504314999999 0
41 33 -4.86587314999998 1
42 33 -14.76057315 1
43 33 -14.78078315 1
44 33 -11.02307315 0
45 33 -6.61213314999998 0
46 33 -4.44168314999998 1
47 33 -6.99093314999998 1
48 33 -15.21689315 1
49 33 -12.69505315 0
50 33 -12.05756315 1
51 33 -9.19245314999998 1
52 33 -11.13979315 1
53 33 -7.60959314999998 1
54 33 -5.61208314999998 1
55 33 -11.64909315 1
56 33 -14.50878315 1
57 33 -16.37794315 1
58 33 -5.79280314999998 1
59 33 -12.53499315 0
60 33 -11.14484315 0
61 33 -12.27408315 0
359 33 4.92753685000001 0
360 33 10.35482685 1

37 -28.69940315 -377.761590799999 -599.548192699999 0.630077107060888 1
