potential =  MJ_original_pot.txt
p53-c-terminal =  p53_C_357_393.txt
analized peptide =  poly-M-16.txt
2 16 9.38 0
3 16 9.34 0
4 16 9.45 0
5 16 9.64 0
6 16 9.77000000000001 0
7 16 9.75000000000001 0
8 16 9.70000000000001 0
9 16 10.11 0
10 16 10.61 0
11 16 10.61 0
12 16 10.03 0
13 16 9.16000000000001 0
14 16 8.84000000000001 0
15 16 8.47000000000001 0
16 16 8.16000000000001 0
17 16 7.61000000000001 0
18 16 7.07000000000001 0
19 16 7.24000000000001 0
20 16 7.65000000000001 0
21 16 8.71000000000001 0

18 7.07000000000001 0 0 0 -0.127704048155431
